
 # T =   1.20606060606060     

   1    1  0
   1    2  1
   1    3  0
   1    4  0
   1    5  1
   1    6  0
   1    7  0
   1    8  0
   1    9  0
   1   10  1
   1   11  1
   1   12  0
   1   13  0
   1   14  0
   1   15  0
   1   16  0
   1   17  0
   1   18  1
   1   19  1
   1   20  0
   1   21  0
   1   22  1
   1   23  1
   1   24  1
   1   25  0
   1   26  1
   1   27  1
   1   28  1
   1   29  1
   1   30  0
   1   31  0
   1   32  1
   1   33  0
   1   34  1
   1   35  0
   1   36  1
   1   37  1
   1   38  1
   1   39  1
   1   40  1
   1   41  1
   1   42  1
   1   43  0
   1   44  1
   1   45  1
   1   46  1
   1   47  1
   1   48  0
   1   49  0
   1   50  0
   1   51  1
   1   52  0
   1   53  1
   1   54  0
   1   55  1
   1   56  0
   1   57  1
   1   58  0
   1   59  1
   1   60  0
   1   61  0
   1   62  0
   1   63  0
   1   64  1

   2    1  0
   2    2  0
   2    3  1
   2    4  1
   2    5  0
   2    6  1
   2    7  0
   2    8  1
   2    9  1
   2   10  0
   2   11  1
   2   12  1
   2   13  0
   2   14  1
   2   15  0
   2   16  1
   2   17  0
   2   18  1
   2   19  1
   2   20  1
   2   21  0
   2   22  0
   2   23  1
   2   24  0
   2   25  1
   2   26  1
   2   27  0
   2   28  1
   2   29  0
   2   30  1
   2   31  1
   2   32  0
   2   33  0
   2   34  1
   2   35  1
   2   36  0
   2   37  0
   2   38  0
   2   39  0
   2   40  1
   2   41  1
   2   42  0
   2   43  0
   2   44  0
   2   45  1
   2   46  1
   2   47  0
   2   48  1
   2   49  1
   2   50  1
   2   51  0
   2   52  0
   2   53  0
   2   54  1
   2   55  0
   2   56  1
   2   57  0
   2   58  1
   2   59  1
   2   60  1
   2   61  1
   2   62  1
   2   63  1
   2   64  1

   3    1  1
   3    2  0
   3    3  0
   3    4  0
   3    5  1
   3    6  0
   3    7  1
   3    8  0
   3    9  0
   3   10  0
   3   11  0
   3   12  0
   3   13  0
   3   14  0
   3   15  0
   3   16  1
   3   17  0
   3   18  0
   3   19  1
   3   20  0
   3   21  0
   3   22  1
   3   23  0
   3   24  1
   3   25  0
   3   26  1
   3   27  1
   3   28  1
   3   29  1
   3   30  0
   3   31  0
   3   32  1
   3   33  1
   3   34  0
   3   35  0
   3   36  1
   3   37  1
   3   38  0
   3   39  1
   3   40  1
   3   41  0
   3   42  1
   3   43  0
   3   44  1
   3   45  1
   3   46  1
   3   47  0
   3   48  0
   3   49  0
   3   50  1
   3   51  0
   3   52  1
   3   53  0
   3   54  1
   3   55  1
   3   56  0
   3   57  1
   3   58  0
   3   59  0
   3   60  0
   3   61  1
   3   62  0
   3   63  1
   3   64  0

   4    1  0
   4    2  1
   4    3  0
   4    4  1
   4    5  0
   4    6  1
   4    7  0
   4    8  0
   4    9  0
   4   10  1
   4   11  1
   4   12  1
   4   13  0
   4   14  0
   4   15  0
   4   16  1
   4   17  0
   4   18  1
   4   19  0
   4   20  0
   4   21  0
   4   22  1
   4   23  0
   4   24  1
   4   25  0
   4   26  1
   4   27  0
   4   28  1
   4   29  1
   4   30  0
   4   31  1
   4   32  0
   4   33  1
   4   34  1
   4   35  0
   4   36  1
   4   37  0
   4   38  1
   4   39  0
   4   40  0
   4   41  1
   4   42  1
   4   43  0
   4   44  0
   4   45  1
   4   46  0
   4   47  0
   4   48  0
   4   49  1
   4   50  0
   4   51  1
   4   52  0
   4   53  1
   4   54  1
   4   55  0
   4   56  1
   4   57  1
   4   58  0
   4   59  0
   4   60  0
   4   61  1
   4   62  1
   4   63  0
   4   64  0

   5    1  0
   5    2  0
   5    3  0
   5    4  1
   5    5  1
   5    6  1
   5    7  1
   5    8  0
   5    9  1
   5   10  0
   5   11  1
   5   12  1
   5   13  1
   5   14  1
   5   15  1
   5   16  0
   5   17  1
   5   18  0
   5   19  0
   5   20  0
   5   21  0
   5   22  1
   5   23  0
   5   24  0
   5   25  1
   5   26  0
   5   27  1
   5   28  1
   5   29  0
   5   30  1
   5   31  1
   5   32  0
   5   33  1
   5   34  1
   5   35  1
   5   36  0
   5   37  1
   5   38  0
   5   39  1
   5   40  0
   5   41  1
   5   42  0
   5   43  0
   5   44  1
   5   45  1
   5   46  0
   5   47  1
   5   48  1
   5   49  0
   5   50  1
   5   51  0
   5   52  1
   5   53  0
   5   54  0
   5   55  1
   5   56  0
   5   57  1
   5   58  1
   5   59  0
   5   60  0
   5   61  1
   5   62  0
   5   63  1
   5   64  0

   6    1  0
   6    2  1
   6    3  1
   6    4  0
   6    5  1
   6    6  0
   6    7  1
   6    8  1
   6    9  1
   6   10  1
   6   11  0
   6   12  1
   6   13  1
   6   14  0
   6   15  1
   6   16  1
   6   17  0
   6   18  1
   6   19  0
   6   20  1
   6   21  1
   6   22  0
   6   23  0
   6   24  1
   6   25  0
   6   26  1
   6   27  1
   6   28  0
   6   29  0
   6   30  1
   6   31  0
   6   32  1
   6   33  1
   6   34  0
   6   35  1
   6   36  1
   6   37  0
   6   38  1
   6   39  0
   6   40  0
   6   41  1
   6   42  0
   6   43  1
   6   44  0
   6   45  0
   6   46  0
   6   47  0
   6   48  0
   6   49  1
   6   50  0
   6   51  1
   6   52  1
   6   53  0
   6   54  1
   6   55  0
   6   56  1
   6   57  0
   6   58  1
   6   59  1
   6   60  1
   6   61  0
   6   62  1
   6   63  0
   6   64  0

   7    1  1
   7    2  0
   7    3  0
   7    4  0
   7    5  1
   7    6  1
   7    7  0
   7    8  1
   7    9  0
   7   10  1
   7   11  1
   7   12  1
   7   13  0
   7   14  1
   7   15  0
   7   16  1
   7   17  1
   7   18  0
   7   19  1
   7   20  0
   7   21  0
   7   22  1
   7   23  1
   7   24  0
   7   25  1
   7   26  1
   7   27  0
   7   28  0
   7   29  1
   7   30  0
   7   31  0
   7   32  1
   7   33  0
   7   34  0
   7   35  1
   7   36  0
   7   37  1
   7   38  0
   7   39  0
   7   40  1
   7   41  0
   7   42  1
   7   43  0
   7   44  1
   7   45  1
   7   46  0
   7   47  1
   7   48  0
   7   49  0
   7   50  1
   7   51  0
   7   52  1
   7   53  1
   7   54  1
   7   55  1
   7   56  1
   7   57  0
   7   58  0
   7   59  1
   7   60  0
   7   61  0
   7   62  0
   7   63  0
   7   64  1

   8    1  1
   8    2  0
   8    3  0
   8    4  1
   8    5  0
   8    6  0
   8    7  0
   8    8  0
   8    9  1
   8   10  0
   8   11  1
   8   12  0
   8   13  1
   8   14  0
   8   15  1
   8   16  0
   8   17  1
   8   18  1
   8   19  1
   8   20  1
   8   21  0
   8   22  0
   8   23  0
   8   24  1
   8   25  0
   8   26  1
   8   27  0
   8   28  1
   8   29  0
   8   30  1
   8   31  1
   8   32  0
   8   33  1
   8   34  1
   8   35  0
   8   36  1
   8   37  0
   8   38  0
   8   39  1
   8   40  0
   8   41  1
   8   42  0
   8   43  1
   8   44  0
   8   45  0
   8   46  0
   8   47  0
   8   48  0
   8   49  1
   8   50  0
   8   51  0
   8   52  1
   8   53  0
   8   54  0
   8   55  1
   8   56  0
   8   57  1
   8   58  0
   8   59  0
   8   60  1
   8   61  1
   8   62  0
   8   63  1
   8   64  0

   9    1  0
   9    2  1
   9    3  1
   9    4  1
   9    5  1
   9    6  0
   9    7  0
   9    8  1
   9    9  0
   9   10  1
   9   11  0
   9   12  0
   9   13  1
   9   14  0
   9   15  1
   9   16  0
   9   17  1
   9   18  0
   9   19  0
   9   20  1
   9   21  1
   9   22  0
   9   23  0
   9   24  1
   9   25  1
   9   26  0
   9   27  1
   9   28  1
   9   29  1
   9   30  1
   9   31  1
   9   32  0
   9   33  0
   9   34  1
   9   35  1
   9   36  1
   9   37  0
   9   38  1
   9   39  0
   9   40  1
   9   41  1
   9   42  0
   9   43  1
   9   44  1
   9   45  0
   9   46  1
   9   47  0
   9   48  1
   9   49  0
   9   50  1
   9   51  0
   9   52  1
   9   53  0
   9   54  1
   9   55  0
   9   56  0
   9   57  0
   9   58  1
   9   59  1
   9   60  0
   9   61  1
   9   62  1
   9   63  0
   9   64  1

  10    1  1
  10    2  0
  10    3  0
  10    4  1
  10    5  1
  10    6  0
  10    7  1
  10    8  0
  10    9  0
  10   10  0
  10   11  1
  10   12  1
  10   13  0
  10   14  1
  10   15  1
  10   16  1
  10   17  0
  10   18  0
  10   19  1
  10   20  0
  10   21  0
  10   22  0
  10   23  1
  10   24  0
  10   25  0
  10   26  1
  10   27  0
  10   28  1
  10   29  1
  10   30  0
  10   31  0
  10   32  0
  10   33  1
  10   34  1
  10   35  0
  10   36  1
  10   37  0
  10   38  1
  10   39  1
  10   40  1
  10   41  0
  10   42  0
  10   43  0
  10   44  1
  10   45  1
  10   46  0
  10   47  1
  10   48  1
  10   49  1
  10   50  0
  10   51  0
  10   52  1
  10   53  0
  10   54  1
  10   55  1
  10   56  1
  10   57  1
  10   58  0
  10   59  1
  10   60  1
  10   61  0
  10   62  1
  10   63  1
  10   64  0

  11    1  0
  11    2  1
  11    3  1
  11    4  0
  11    5  0
  11    6  1
  11    7  0
  11    8  0
  11    9  0
  11   10  0
  11   11  1
  11   12  1
  11   13  0
  11   14  1
  11   15  0
  11   16  0
  11   17  0
  11   18  1
  11   19  0
  11   20  1
  11   21  0
  11   22  0
  11   23  1
  11   24  0
  11   25  1
  11   26  1
  11   27  1
  11   28  1
  11   29  0
  11   30  1
  11   31  0
  11   32  1
  11   33  1
  11   34  0
  11   35  1
  11   36  0
  11   37  1
  11   38  0
  11   39  1
  11   40  0
  11   41  1
  11   42  0
  11   43  1
  11   44  0
  11   45  0
  11   46  1
  11   47  0
  11   48  0
  11   49  0
  11   50  1
  11   51  1
  11   52  0
  11   53  0
  11   54  1
  11   55  0
  11   56  0
  11   57  1
  11   58  0
  11   59  0
  11   60  1
  11   61  1
  11   62  0
  11   63  1
  11   64  0

  12    1  1
  12    2  1
  12    3  0
  12    4  0
  12    5  1
  12    6  1
  12    7  1
  12    8  0
  12    9  1
  12   10  0
  12   11  0
  12   12  1
  12   13  0
  12   14  0
  12   15  0
  12   16  1
  12   17  0
  12   18  1
  12   19  0
  12   20  0
  12   21  1
  12   22  0
  12   23  0
  12   24  1
  12   25  0
  12   26  1
  12   27  1
  12   28  1
  12   29  0
  12   30  0
  12   31  1
  12   32  1
  12   33  1
  12   34  1
  12   35  1
  12   36  0
  12   37  1
  12   38  1
  12   39  0
  12   40  1
  12   41  0
  12   42  1
  12   43  0
  12   44  1
  12   45  1
  12   46  0
  12   47  0
  12   48  0
  12   49  1
  12   50  0
  12   51  1
  12   52  1
  12   53  1
  12   54  0
  12   55  0
  12   56  0
  12   57  1
  12   58  0
  12   59  1
  12   60  0
  12   61  0
  12   62  0
  12   63  0
  12   64  0

  13    1  1
  13    2  0
  13    3  0
  13    4  1
  13    5  0
  13    6  0
  13    7  1
  13    8  0
  13    9  0
  13   10  1
  13   11  1
  13   12  0
  13   13  0
  13   14  1
  13   15  1
  13   16  0
  13   17  1
  13   18  1
  13   19  0
  13   20  1
  13   21  0
  13   22  1
  13   23  0
  13   24  0
  13   25  1
  13   26  0
  13   27  0
  13   28  0
  13   29  0
  13   30  0
  13   31  1
  13   32  0
  13   33  1
  13   34  0
  13   35  0
  13   36  1
  13   37  1
  13   38  0
  13   39  0
  13   40  0
  13   41  1
  13   42  0
  13   43  1
  13   44  0
  13   45  0
  13   46  0
  13   47  1
  13   48  1
  13   49  1
  13   50  1
  13   51  0
  13   52  1
  13   53  0
  13   54  1
  13   55  1
  13   56  1
  13   57  1
  13   58  0
  13   59  1
  13   60  0
  13   61  1
  13   62  0
  13   63  1
  13   64  1

  14    1  1
  14    2  1
  14    3  0
  14    4  0
  14    5  1
  14    6  1
  14    7  0
  14    8  1
  14    9  0
  14   10  0
  14   11  0
  14   12  1
  14   13  1
  14   14  0
  14   15  1
  14   16  1
  14   17  0
  14   18  1
  14   19  1
  14   20  0
  14   21  1
  14   22  0
  14   23  1
  14   24  0
  14   25  1
  14   26  1
  14   27  0
  14   28  0
  14   29  1
  14   30  1
  14   31  0
  14   32  1
  14   33  0
  14   34  0
  14   35  1
  14   36  0
  14   37  0
  14   38  1
  14   39  0
  14   40  1
  14   41  0
  14   42  1
  14   43  0
  14   44  1
  14   45  0
  14   46  1
  14   47  1
  14   48  1
  14   49  0
  14   50  0
  14   51  1
  14   52  0
  14   53  0
  14   54  0
  14   55  0
  14   56  1
  14   57  0
  14   58  1
  14   59  0
  14   60  0
  14   61  1
  14   62  0
  14   63  1
  14   64  0

  15    1  1
  15    2  1
  15    3  1
  15    4  1
  15    5  0
  15    6  0
  15    7  1
  15    8  0
  15    9  1
  15   10  1
  15   11  1
  15   12  0
  15   13  1
  15   14  1
  15   15  0
  15   16  0
  15   17  1
  15   18  1
  15   19  0
  15   20  1
  15   21  1
  15   22  0
  15   23  1
  15   24  0
  15   25  0
  15   26  0
  15   27  1
  15   28  0
  15   29  0
  15   30  0
  15   31  1
  15   32  0
  15   33  0
  15   34  1
  15   35  0
  15   36  0
  15   37  1
  15   38  0
  15   39  1
  15   40  0
  15   41  1
  15   42  1
  15   43  0
  15   44  0
  15   45  1
  15   46  1
  15   47  0
  15   48  0
  15   49  0
  15   50  0
  15   51  1
  15   52  1
  15   53  1
  15   54  0
  15   55  1
  15   56  1
  15   57  0
  15   58  0
  15   59  1
  15   60  1
  15   61  0
  15   62  1
  15   63  0
  15   64  0

  16    1  0
  16    2  1
  16    3  0
  16    4  1
  16    5  0
  16    6  1
  16    7  1
  16    8  1
  16    9  0
  16   10  0
  16   11  0
  16   12  1
  16   13  1
  16   14  0
  16   15  0
  16   16  1
  16   17  0
  16   18  1
  16   19  0
  16   20  0
  16   21  0
  16   22  0
  16   23  0
  16   24  1
  16   25  0
  16   26  0
  16   27  1
  16   28  1
  16   29  0
  16   30  1
  16   31  0
  16   32  1
  16   33  0
  16   34  1
  16   35  0
  16   36  1
  16   37  0
  16   38  1
  16   39  1
  16   40  1
  16   41  1
  16   42  0
  16   43  0
  16   44  1
  16   45  1
  16   46  0
  16   47  0
  16   48  0
  16   49  1
  16   50  1
  16   51  0
  16   52  0
  16   53  0
  16   54  1
  16   55  0
  16   56  1
  16   57  0
  16   58  0
  16   59  0
  16   60  1
  16   61  0
  16   62  1
  16   63  0
  16   64  1

  17    1  1
  17    2  0
  17    3  0
  17    4  1
  17    5  1
  17    6  1
  17    7  0
  17    8  0
  17    9  0
  17   10  1
  17   11  1
  17   12  1
  17   13  0
  17   14  1
  17   15  1
  17   16  0
  17   17  1
  17   18  0
  17   19  1
  17   20  1
  17   21  1
  17   22  1
  17   23  1
  17   24  1
  17   25  0
  17   26  1
  17   27  0
  17   28  0
  17   29  1
  17   30  0
  17   31  1
  17   32  1
  17   33  0
  17   34  1
  17   35  0
  17   36  1
  17   37  1
  17   38  0
  17   39  1
  17   40  1
  17   41  0
  17   42  0
  17   43  0
  17   44  0
  17   45  0
  17   46  1
  17   47  1
  17   48  0
  17   49  0
  17   50  1
  17   51  1
  17   52  1
  17   53  1
  17   54  0
  17   55  1
  17   56  0
  17   57  0
  17   58  0
  17   59  1
  17   60  1
  17   61  0
  17   62  0
  17   63  0
  17   64  1

  18    1  1
  18    2  0
  18    3  1
  18    4  0
  18    5  1
  18    6  0
  18    7  0
  18    8  0
  18    9  0
  18   10  0
  18   11  1
  18   12  1
  18   13  1
  18   14  1
  18   15  0
  18   16  0
  18   17  1
  18   18  0
  18   19  0
  18   20  1
  18   21  0
  18   22  1
  18   23  0
  18   24  0
  18   25  1
  18   26  1
  18   27  0
  18   28  1
  18   29  1
  18   30  1
  18   31  0
  18   32  0
  18   33  1
  18   34  1
  18   35  1
  18   36  0
  18   37  1
  18   38  0
  18   39  1
  18   40  0
  18   41  1
  18   42  1
  18   43  1
  18   44  1
  18   45  0
  18   46  1
  18   47  0
  18   48  1
  18   49  1
  18   50  1
  18   51  0
  18   52  1
  18   53  0
  18   54  1
  18   55  0
  18   56  1
  18   57  0
  18   58  1
  18   59  1
  18   60  0
  18   61  0
  18   62  1
  18   63  0
  18   64  1

  19    1  0
  19    2  0
  19    3  0
  19    4  1
  19    5  0
  19    6  1
  19    7  1
  19    8  0
  19    9  0
  19   10  0
  19   11  1
  19   12  1
  19   13  0
  19   14  0
  19   15  1
  19   16  1
  19   17  0
  19   18  1
  19   19  1
  19   20  0
  19   21  1
  19   22  0
  19   23  0
  19   24  1
  19   25  0
  19   26  1
  19   27  1
  19   28  0
  19   29  1
  19   30  1
  19   31  1
  19   32  1
  19   33  0
  19   34  1
  19   35  0
  19   36  1
  19   37  0
  19   38  0
  19   39  0
  19   40  0
  19   41  1
  19   42  1
  19   43  0
  19   44  0
  19   45  1
  19   46  0
  19   47  1
  19   48  0
  19   49  1
  19   50  0
  19   51  1
  19   52  0
  19   53  1
  19   54  0
  19   55  1
  19   56  0
  19   57  1
  19   58  1
  19   59  0
  19   60  1
  19   61  1
  19   62  0
  19   63  1
  19   64  0

  20    1  0
  20    2  0
  20    3  0
  20    4  1
  20    5  0
  20    6  1
  20    7  0
  20    8  0
  20    9  1
  20   10  0
  20   11  1
  20   12  0
  20   13  1
  20   14  1
  20   15  0
  20   16  0
  20   17  0
  20   18  1
  20   19  0
  20   20  1
  20   21  1
  20   22  1
  20   23  0
  20   24  0
  20   25  1
  20   26  0
  20   27  1
  20   28  0
  20   29  0
  20   30  1
  20   31  0
  20   32  1
  20   33  0
  20   34  1
  20   35  0
  20   36  0
  20   37  0
  20   38  1
  20   39  1
  20   40  0
  20   41  0
  20   42  0
  20   43  1
  20   44  0
  20   45  1
  20   46  1
  20   47  0
  20   48  1
  20   49  0
  20   50  1
  20   51  1
  20   52  1
  20   53  0
  20   54  1
  20   55  1
  20   56  0
  20   57  1
  20   58  0
  20   59  0
  20   60  1
  20   61  0
  20   62  0
  20   63  0
  20   64  1

  21    1  1
  21    2  1
  21    3  0
  21    4  1
  21    5  0
  21    6  1
  21    7  1
  21    8  0
  21    9  1
  21   10  0
  21   11  0
  21   12  1
  21   13  0
  21   14  0
  21   15  1
  21   16  0
  21   17  1
  21   18  1
  21   19  1
  21   20  0
  21   21  1
  21   22  1
  21   23  1
  21   24  0
  21   25  0
  21   26  1
  21   27  0
  21   28  1
  21   29  1
  21   30  0
  21   31  1
  21   32  0
  21   33  1
  21   34  1
  21   35  0
  21   36  0
  21   37  0
  21   38  1
  21   39  0
  21   40  1
  21   41  1
  21   42  1
  21   43  0
  21   44  1
  21   45  0
  21   46  0
  21   47  1
  21   48  0
  21   49  1
  21   50  1
  21   51  0
  21   52  1
  21   53  0
  21   54  1
  21   55  0
  21   56  1
  21   57  1
  21   58  1
  21   59  0
  21   60  0
  21   61  1
  21   62  0
  21   63  1
  21   64  0

  22    1  0
  22    2  0
  22    3  1
  22    4  0
  22    5  1
  22    6  0
  22    7  0
  22    8  1
  22    9  0
  22   10  0
  22   11  1
  22   12  0
  22   13  1
  22   14  0
  22   15  0
  22   16  1
  22   17  0
  22   18  0
  22   19  1
  22   20  1
  22   21  0
  22   22  0
  22   23  1
  22   24  1
  22   25  1
  22   26  0
  22   27  1
  22   28  1
  22   29  0
  22   30  0
  22   31  1
  22   32  1
  22   33  1
  22   34  0
  22   35  0
  22   36  1
  22   37  1
  22   38  1
  22   39  1
  22   40  1
  22   41  0
  22   42  0
  22   43  1
  22   44  0
  22   45  1
  22   46  1
  22   47  0
  22   48  1
  22   49  0
  22   50  1
  22   51  0
  22   52  1
  22   53  1
  22   54  0
  22   55  1
  22   56  0
  22   57  0
  22   58  1
  22   59  1
  22   60  0
  22   61  1
  22   62  1
  22   63  1
  22   64  1

  23    1  1
  23    2  1
  23    3  0
  23    4  1
  23    5  0
  23    6  1
  23    7  1
  23    8  0
  23    9  1
  23   10  0
  23   11  1
  23   12  1
  23   13  0
  23   14  0
  23   15  1
  23   16  0
  23   17  1
  23   18  0
  23   19  0
  23   20  1
  23   21  1
  23   22  1
  23   23  1
  23   24  0
  23   25  1
  23   26  0
  23   27  1
  23   28  0
  23   29  1
  23   30  0
  23   31  1
  23   32  0
  23   33  1
  23   34  1
  23   35  1
  23   36  1
  23   37  0
  23   38  1
  23   39  0
  23   40  1
  23   41  1
  23   42  0
  23   43  1
  23   44  0
  23   45  0
  23   46  1
  23   47  1
  23   48  1
  23   49  0
  23   50  0
  23   51  1
  23   52  0
  23   53  0
  23   54  1
  23   55  0
  23   56  1
  23   57  1
  23   58  0
  23   59  0
  23   60  0
  23   61  0
  23   62  0
  23   63  1
  23   64  0

  24    1  0
  24    2  0
  24    3  0
  24    4  0
  24    5  1
  24    6  1
  24    7  1
  24    8  0
  24    9  1
  24   10  1
  24   11  0
  24   12  1
  24   13  0
  24   14  1
  24   15  0
  24   16  1
  24   17  0
  24   18  0
  24   19  0
  24   20  0
  24   21  0
  24   22  1
  24   23  1
  24   24  0
  24   25  0
  24   26  1
  24   27  1
  24   28  1
  24   29  0
  24   30  1
  24   31  0
  24   32  0
  24   33  1
  24   34  0
  24   35  1
  24   36  0
  24   37  1
  24   38  0
  24   39  0
  24   40  0
  24   41  1
  24   42  1
  24   43  1
  24   44  1
  24   45  1
  24   46  0
  24   47  1
  24   48  0
  24   49  1
  24   50  0
  24   51  1
  24   52  1
  24   53  1
  24   54  0
  24   55  1
  24   56  0
  24   57  1
  24   58  0
  24   59  1
  24   60  1
  24   61  1
  24   62  1
  24   63  0
  24   64  1

  25    1  0
  25    2  1
  25    3  1
  25    4  1
  25    5  1
  25    6  0
  25    7  0
  25    8  1
  25    9  0
  25   10  1
  25   11  1
  25   12  0
  25   13  1
  25   14  0
  25   15  0
  25   16  0
  25   17  1
  25   18  1
  25   19  0
  25   20  0
  25   21  0
  25   22  1
  25   23  0
  25   24  1
  25   25  0
  25   26  1
  25   27  0
  25   28  1
  25   29  1
  25   30  1
  25   31  1
  25   32  1
  25   33  0
  25   34  1
  25   35  0
  25   36  1
  25   37  0
  25   38  0
  25   39  1
  25   40  0
  25   41  0
  25   42  1
  25   43  1
  25   44  0
  25   45  1
  25   46  1
  25   47  1
  25   48  0
  25   49  1
  25   50  0
  25   51  1
  25   52  0
  25   53  0
  25   54  1
  25   55  0
  25   56  0
  25   57  0
  25   58  0
  25   59  1
  25   60  1
  25   61  0
  25   62  0
  25   63  1
  25   64  1

  26    1  1
  26    2  0
  26    3  0
  26    4  1
  26    5  1
  26    6  1
  26    7  0
  26    8  0
  26    9  1
  26   10  0
  26   11  1
  26   12  0
  26   13  0
  26   14  1
  26   15  0
  26   16  1
  26   17  0
  26   18  1
  26   19  1
  26   20  0
  26   21  1
  26   22  0
  26   23  1
  26   24  1
  26   25  0
  26   26  1
  26   27  1
  26   28  1
  26   29  0
  26   30  1
  26   31  0
  26   32  1
  26   33  0
  26   34  0
  26   35  1
  26   36  1
  26   37  1
  26   38  0
  26   39  1
  26   40  0
  26   41  1
  26   42  1
  26   43  1
  26   44  1
  26   45  0
  26   46  0
  26   47  1
  26   48  1
  26   49  0
  26   50  1
  26   51  0
  26   52  1
  26   53  0
  26   54  1
  26   55  0
  26   56  0
  26   57  0
  26   58  1
  26   59  1
  26   60  1
  26   61  0
  26   62  1
  26   63  1
  26   64  0

  27    1  0
  27    2  1
  27    3  0
  27    4  1
  27    5  0
  27    6  0
  27    7  1
  27    8  1
  27    9  0
  27   10  1
  27   11  1
  27   12  1
  27   13  1
  27   14  0
  27   15  1
  27   16  0
  27   17  1
  27   18  1
  27   19  1
  27   20  0
  27   21  0
  27   22  1
  27   23  0
  27   24  1
  27   25  0
  27   26  1
  27   27  0
  27   28  0
  27   29  1
  27   30  0
  27   31  0
  27   32  0
  27   33  1
  27   34  0
  27   35  0
  27   36  0
  27   37  0
  27   38  1
  27   39  1
  27   40  1
  27   41  1
  27   42  0
  27   43  0
  27   44  1
  27   45  1
  27   46  0
  27   47  1
  27   48  0
  27   49  1
  27   50  0
  27   51  1
  27   52  0
  27   53  0
  27   54  0
  27   55  1
  27   56  1
  27   57  1
  27   58  0
  27   59  1
  27   60  1
  27   61  1
  27   62  0
  27   63  1
  27   64  0

  28    1  1
  28    2  0
  28    3  1
  28    4  1
  28    5  0
  28    6  1
  28    7  1
  28    8  0
  28    9  1
  28   10  0
  28   11  0
  28   12  0
  28   13  0
  28   14  0
  28   15  1
  28   16  0
  28   17  1
  28   18  0
  28   19  0
  28   20  1
  28   21  1
  28   22  0
  28   23  1
  28   24  0
  28   25  1
  28   26  1
  28   27  1
  28   28  1
  28   29  0
  28   30  1
  28   31  1
  28   32  1
  28   33  0
  28   34  1
  28   35  1
  28   36  1
  28   37  0
  28   38  0
  28   39  1
  28   40  0
  28   41  1
  28   42  0
  28   43  1
  28   44  1
  28   45  1
  28   46  1
  28   47  0
  28   48  1
  28   49  0
  28   50  1
  28   51  1
  28   52  0
  28   53  0
  28   54  1
  28   55  1
  28   56  0
  28   57  1
  28   58  1
  28   59  1
  28   60  0
  28   61  1
  28   62  1
  28   63  0
  28   64  1

  29    1  0
  29    2  1
  29    3  0
  29    4  1
  29    5  0
  29    6  0
  29    7  0
  29    8  0
  29    9  1
  29   10  1
  29   11  1
  29   12  0
  29   13  0
  29   14  1
  29   15  0
  29   16  1
  29   17  0
  29   18  1
  29   19  1
  29   20  1
  29   21  1
  29   22  0
  29   23  0
  29   24  1
  29   25  1
  29   26  0
  29   27  0
  29   28  0
  29   29  1
  29   30  1
  29   31  1
  29   32  0
  29   33  0
  29   34  1
  29   35  0
  29   36  1
  29   37  1
  29   38  0
  29   39  1
  29   40  0
  29   41  1
  29   42  1
  29   43  0
  29   44  1
  29   45  0
  29   46  1
  29   47  0
  29   48  1
  29   49  0
  29   50  0
  29   51  0
  29   52  0
  29   53  0
  29   54  0
  29   55  0
  29   56  1
  29   57  0
  29   58  1
  29   59  0
  29   60  1
  29   61  0
  29   62  1
  29   63  0
  29   64  0

  30    1  0
  30    2  0
  30    3  1
  30    4  0
  30    5  1
  30    6  1
  30    7  1
  30    8  1
  30    9  0
  30   10  0
  30   11  1
  30   12  1
  30   13  0
  30   14  1
  30   15  0
  30   16  0
  30   17  1
  30   18  0
  30   19  0
  30   20  1
  30   21  0
  30   22  1
  30   23  1
  30   24  1
  30   25  0
  30   26  1
  30   27  0
  30   28  1
  30   29  0
  30   30  1
  30   31  1
  30   32  0
  30   33  1
  30   34  0
  30   35  1
  30   36  0
  30   37  0
  30   38  1
  30   39  0
  30   40  1
  30   41  0
  30   42  1
  30   43  1
  30   44  0
  30   45  0
  30   46  1
  30   47  0
  30   48  1
  30   49  0
  30   50  1
  30   51  1
  30   52  1
  30   53  1
  30   54  1
  30   55  1
  30   56  0
  30   57  1
  30   58  1
  30   59  1
  30   60  0
  30   61  1
  30   62  0
  30   63  0
  30   64  1

  31    1  0
  31    2  1
  31    3  0
  31    4  1
  31    5  1
  31    6  1
  31    7  1
  31    8  0
  31    9  1
  31   10  1
  31   11  0
  31   12  0
  31   13  1
  31   14  0
  31   15  0
  31   16  1
  31   17  0
  31   18  1
  31   19  1
  31   20  0
  31   21  0
  31   22  1
  31   23  0
  31   24  1
  31   25  0
  31   26  1
  31   27  1
  31   28  0
  31   29  0
  31   30  1
  31   31  0
  31   32  0
  31   33  0
  31   34  1
  31   35  0
  31   36  1
  31   37  0
  31   38  1
  31   39  0
  31   40  1
  31   41  0
  31   42  1
  31   43  0
  31   44  1
  31   45  1
  31   46  0
  31   47  0
  31   48  1
  31   49  0
  31   50  1
  31   51  0
  31   52  0
  31   53  1
  31   54  0
  31   55  1
  31   56  0
  31   57  1
  31   58  0
  31   59  1
  31   60  1
  31   61  0
  31   62  1
  31   63  0
  31   64  0

  32    1  1
  32    2  1
  32    3  0
  32    4  0
  32    5  1
  32    6  0
  32    7  1
  32    8  0
  32    9  0
  32   10  1
  32   11  0
  32   12  1
  32   13  1
  32   14  1
  32   15  1
  32   16  0
  32   17  1
  32   18  0
  32   19  1
  32   20  0
  32   21  0
  32   22  0
  32   23  0
  32   24  0
  32   25  1
  32   26  1
  32   27  0
  32   28  1
  32   29  1
  32   30  0
  32   31  0
  32   32  1
  32   33  1
  32   34  0
  32   35  1
  32   36  0
  32   37  1
  32   38  0
  32   39  0
  32   40  1
  32   41  0
  32   42  0
  32   43  1
  32   44  0
  32   45  0
  32   46  0
  32   47  1
  32   48  1
  32   49  1
  32   50  1
  32   51  1
  32   52  1
  32   53  0
  32   54  1
  32   55  0
  32   56  1
  32   57  1
  32   58  1
  32   59  0
  32   60  0
  32   61  0
  32   62  0
  32   63  1
  32   64  0

  33    1  0
  33    2  1
  33    3  0
  33    4  1
  33    5  1
  33    6  0
  33    7  1
  33    8  0
  33    9  1
  33   10  1
  33   11  0
  33   12  1
  33   13  1
  33   14  1
  33   15  0
  33   16  1
  33   17  0
  33   18  1
  33   19  0
  33   20  1
  33   21  0
  33   22  1
  33   23  1
  33   24  0
  33   25  0
  33   26  1
  33   27  0
  33   28  1
  33   29  0
  33   30  1
  33   31  1
  33   32  0
  33   33  0
  33   34  1
  33   35  0
  33   36  1
  33   37  1
  33   38  0
  33   39  1
  33   40  0
  33   41  0
  33   42  1
  33   43  0
  33   44  0
  33   45  1
  33   46  0
  33   47  0
  33   48  1
  33   49  1
  33   50  1
  33   51  0
  33   52  1
  33   53  1
  33   54  1
  33   55  1
  33   56  1
  33   57  1
  33   58  0
  33   59  1
  33   60  1
  33   61  0
  33   62  1
  33   63  0
  33   64  1

  34    1  1
  34    2  1
  34    3  1
  34    4  0
  34    5  1
  34    6  1
  34    7  0
  34    8  0
  34    9  1
  34   10  0
  34   11  0
  34   12  1
  34   13  0
  34   14  0
  34   15  1
  34   16  0
  34   17  1
  34   18  0
  34   19  1
  34   20  1
  34   21  1
  34   22  0
  34   23  0
  34   24  1
  34   25  1
  34   26  0
  34   27  1
  34   28  0
  34   29  0
  34   30  0
  34   31  1
  34   32  0
  34   33  1
  34   34  1
  34   35  1
  34   36  0
  34   37  0
  34   38  1
  34   39  0
  34   40  1
  34   41  0
  34   42  0
  34   43  0
  34   44  1
  34   45  0
  34   46  1
  34   47  0
  34   48  0
  34   49  1
  34   50  0
  34   51  1
  34   52  0
  34   53  1
  34   54  0
  34   55  0
  34   56  1
  34   57  0
  34   58  1
  34   59  1
  34   60  0
  34   61  1
  34   62  0
  34   63  1
  34   64  0

  35    1  0
  35    2  1
  35    3  0
  35    4  1
  35    5  0
  35    6  1
  35    7  1
  35    8  1
  35    9  1
  35   10  1
  35   11  0
  35   12  1
  35   13  0
  35   14  1
  35   15  0
  35   16  1
  35   17  0
  35   18  1
  35   19  0
  35   20  1
  35   21  1
  35   22  0
  35   23  0
  35   24  0
  35   25  1
  35   26  1
  35   27  0
  35   28  1
  35   29  0
  35   30  1
  35   31  0
  35   32  1
  35   33  1
  35   34  0
  35   35  0
  35   36  0
  35   37  1
  35   38  0
  35   39  1
  35   40  0
  35   41  0
  35   42  1
  35   43  0
  35   44  0
  35   45  1
  35   46  0
  35   47  0
  35   48  0
  35   49  0
  35   50  1
  35   51  0
  35   52  0
  35   53  1
  35   54  1
  35   55  1
  35   56  0
  35   57  1
  35   58  0
  35   59  1
  35   60  1
  35   61  0
  35   62  1
  35   63  0
  35   64  1

  36    1  1
  36    2  1
  36    3  1
  36    4  0
  36    5  1
  36    6  0
  36    7  1
  36    8  0
  36    9  1
  36   10  0
  36   11  1
  36   12  0
  36   13  0
  36   14  1
  36   15  1
  36   16  0
  36   17  1
  36   18  1
  36   19  0
  36   20  0
  36   21  0
  36   22  1
  36   23  0
  36   24  0
  36   25  0
  36   26  0
  36   27  0
  36   28  0
  36   29  1
  36   30  0
  36   31  1
  36   32  0
  36   33  0
  36   34  0
  36   35  0
  36   36  0
  36   37  0
  36   38  1
  36   39  0
  36   40  1
  36   41  1
  36   42  1
  36   43  1
  36   44  1
  36   45  0
  36   46  1
  36   47  1
  36   48  1
  36   49  1
  36   50  1
  36   51  1
  36   52  0
  36   53  0
  36   54  1
  36   55  0
  36   56  1
  36   57  0
  36   58  0
  36   59  1
  36   60  0
  36   61  0
  36   62  0
  36   63  1
  36   64  0

  37    1  1
  37    2  0
  37    3  0
  37    4  1
  37    5  0
  37    6  1
  37    7  0
  37    8  1
  37    9  0
  37   10  0
  37   11  1
  37   12  1
  37   13  1
  37   14  0
  37   15  0
  37   16  0
  37   17  1
  37   18  0
  37   19  1
  37   20  0
  37   21  1
  37   22  0
  37   23  0
  37   24  1
  37   25  0
  37   26  1
  37   27  0
  37   28  1
  37   29  0
  37   30  1
  37   31  0
  37   32  0
  37   33  1
  37   34  0
  37   35  0
  37   36  0
  37   37  1
  37   38  0
  37   39  1
  37   40  0
  37   41  1
  37   42  0
  37   43  0
  37   44  1
  37   45  0
  37   46  0
  37   47  1
  37   48  0
  37   49  0
  37   50  1
  37   51  0
  37   52  0
  37   53  1
  37   54  0
  37   55  0
  37   56  1
  37   57  1
  37   58  1
  37   59  1
  37   60  1
  37   61  0
  37   62  1
  37   63  1
  37   64  1

  38    1  0
  38    2  1
  38    3  0
  38    4  0
  38    5  0
  38    6  1
  38    7  0
  38    8  1
  38    9  0
  38   10  1
  38   11  0
  38   12  1
  38   13  0
  38   14  1
  38   15  0
  38   16  1
  38   17  1
  38   18  0
  38   19  1
  38   20  1
  38   21  0
  38   22  0
  38   23  1
  38   24  1
  38   25  0
  38   26  0
  38   27  0
  38   28  0
  38   29  1
  38   30  1
  38   31  0
  38   32  0
  38   33  0
  38   34  1
  38   35  0
  38   36  1
  38   37  1
  38   38  1
  38   39  1
  38   40  0
  38   41  1
  38   42  1
  38   43  0
  38   44  1
  38   45  0
  38   46  1
  38   47  1
  38   48  0
  38   49  0
  38   50  0
  38   51  0
  38   52  0
  38   53  0
  38   54  1
  38   55  1
  38   56  0
  38   57  1
  38   58  0
  38   59  0
  38   60  1
  38   61  0
  38   62  1
  38   63  0
  38   64  0

  39    1  1
  39    2  0
  39    3  0
  39    4  0
  39    5  1
  39    6  0
  39    7  1
  39    8  0
  39    9  1
  39   10  0
  39   11  0
  39   12  0
  39   13  1
  39   14  0
  39   15  1
  39   16  0
  39   17  1
  39   18  0
  39   19  1
  39   20  0
  39   21  0
  39   22  1
  39   23  0
  39   24  0
  39   25  1
  39   26  0
  39   27  1
  39   28  0
  39   29  1
  39   30  0
  39   31  1
  39   32  1
  39   33  0
  39   34  1
  39   35  1
  39   36  0
  39   37  0
  39   38  1
  39   39  0
  39   40  1
  39   41  0
  39   42  0
  39   43  1
  39   44  0
  39   45  1
  39   46  0
  39   47  1
  39   48  1
  39   49  0
  39   50  1
  39   51  0
  39   52  1
  39   53  1
  39   54  1
  39   55  1
  39   56  1
  39   57  0
  39   58  1
  39   59  0
  39   60  0
  39   61  1
  39   62  0
  39   63  0
  39   64  0

  40    1  1
  40    2  1
  40    3  0
  40    4  1
  40    5  0
  40    6  1
  40    7  0
  40    8  1
  40    9  0
  40   10  1
  40   11  0
  40   12  1
  40   13  0
  40   14  1
  40   15  1
  40   16  0
  40   17  0
  40   18  1
  40   19  1
  40   20  1
  40   21  1
  40   22  0
  40   23  1
  40   24  1
  40   25  0
  40   26  1
  40   27  0
  40   28  1
  40   29  0
  40   30  0
  40   31  0
  40   32  0
  40   33  1
  40   34  0
  40   35  1
  40   36  0
  40   37  1
  40   38  0
  40   39  1
  40   40  0
  40   41  1
  40   42  1
  40   43  0
  40   44  0
  40   45  0
  40   46  0
  40   47  0
  40   48  0
  40   49  0
  40   50  0
  40   51  1
  40   52  1
  40   53  0
  40   54  1
  40   55  1
  40   56  1
  40   57  0
  40   58  1
  40   59  1
  40   60  0
  40   61  1
  40   62  1
  40   63  0
  40   64  1

  41    1  0
  41    2  0
  41    3  1
  41    4  0
  41    5  1
  41    6  0
  41    7  0
  41    8  0
  41    9  0
  41   10  0
  41   11  1
  41   12  0
  41   13  1
  41   14  0
  41   15  0
  41   16  1
  41   17  0
  41   18  1
  41   19  1
  41   20  0
  41   21  1
  41   22  0
  41   23  1
  41   24  0
  41   25  1
  41   26  0
  41   27  0
  41   28  0
  41   29  1
  41   30  1
  41   31  1
  41   32  1
  41   33  0
  41   34  1
  41   35  0
  41   36  1
  41   37  0
  41   38  0
  41   39  1
  41   40  1
  41   41  0
  41   42  1
  41   43  0
  41   44  0
  41   45  0
  41   46  0
  41   47  1
  41   48  1
  41   49  0
  41   50  0
  41   51  0
  41   52  0
  41   53  1
  41   54  0
  41   55  0
  41   56  1
  41   57  0
  41   58  1
  41   59  1
  41   60  1
  41   61  0
  41   62  0
  41   63  1
  41   64  0

  42    1  1
  42    2  1
  42    3  1
  42    4  1
  42    5  0
  42    6  0
  42    7  1
  42    8  0
  42    9  0
  42   10  0
  42   11  1
  42   12  1
  42   13  0
  42   14  1
  42   15  1
  42   16  0
  42   17  0
  42   18  1
  42   19  0
  42   20  0
  42   21  1
  42   22  0
  42   23  1
  42   24  1
  42   25  1
  42   26  1
  42   27  0
  42   28  0
  42   29  0
  42   30  0
  42   31  0
  42   32  1
  42   33  0
  42   34  0
  42   35  1
  42   36  1
  42   37  1
  42   38  1
  42   39  0
  42   40  0
  42   41  1
  42   42  0
  42   43  1
  42   44  0
  42   45  1
  42   46  1
  42   47  1
  42   48  1
  42   49  0
  42   50  1
  42   51  0
  42   52  0
  42   53  0
  42   54  1
  42   55  1
  42   56  1
  42   57  1
  42   58  1
  42   59  1
  42   60  0
  42   61  1
  42   62  0
  42   63  0
  42   64  1

  43    1  1
  43    2  0
  43    3  0
  43    4  0
  43    5  0
  43    6  0
  43    7  1
  43    8  0
  43    9  1
  43   10  1
  43   11  0
  43   12  1
  43   13  0
  43   14  0
  43   15  1
  43   16  1
  43   17  0
  43   18  0
  43   19  1
  43   20  0
  43   21  0
  43   22  1
  43   23  0
  43   24  1
  43   25  0
  43   26  1
  43   27  0
  43   28  1
  43   29  0
  43   30  0
  43   31  1
  43   32  0
  43   33  1
  43   34  1
  43   35  0
  43   36  0
  43   37  0
  43   38  0
  43   39  1
  43   40  1
  43   41  0
  43   42  0
  43   43  1
  43   44  1
  43   45  0
  43   46  1
  43   47  1
  43   48  0
  43   49  1
  43   50  1
  43   51  0
  43   52  1
  43   53  0
  43   54  1
  43   55  0
  43   56  0
  43   57  1
  43   58  1
  43   59  0
  43   60  1
  43   61  0
  43   62  1
  43   63  1
  43   64  0

  44    1  0
  44    2  0
  44    3  1
  44    4  0
  44    5  0
  44    6  1
  44    7  1
  44    8  1
  44    9  1
  44   10  0
  44   11  0
  44   12  1
  44   13  1
  44   14  0
  44   15  1
  44   16  0
  44   17  1
  44   18  1
  44   19  0
  44   20  0
  44   21  1
  44   22  0
  44   23  0
  44   24  0
  44   25  1
  44   26  0
  44   27  0
  44   28  1
  44   29  0
  44   30  1
  44   31  1
  44   32  1
  44   33  0
  44   34  0
  44   35  1
  44   36  1
  44   37  0
  44   38  1
  44   39  0
  44   40  0
  44   41  1
  44   42  0
  44   43  1
  44   44  0
  44   45  0
  44   46  1
  44   47  0
  44   48  0
  44   49  0
  44   50  0
  44   51  1
  44   52  0
  44   53  1
  44   54  1
  44   55  0
  44   56  1
  44   57  0
  44   58  0
  44   59  0
  44   60  0
  44   61  0
  44   62  0
  44   63  1
  44   64  1

  45    1  0
  45    2  0
  45    3  0
  45    4  1
  45    5  1
  45    6  0
  45    7  1
  45    8  1
  45    9  1
  45   10  1
  45   11  0
  45   12  1
  45   13  0
  45   14  1
  45   15  0
  45   16  1
  45   17  0
  45   18  0
  45   19  0
  45   20  0
  45   21  0
  45   22  0
  45   23  0
  45   24  1
  45   25  0
  45   26  1
  45   27  0
  45   28  0
  45   29  1
  45   30  0
  45   31  1
  45   32  1
  45   33  1
  45   34  0
  45   35  0
  45   36  0
  45   37  1
  45   38  0
  45   39  1
  45   40  0
  45   41  1
  45   42  0
  45   43  0
  45   44  0
  45   45  1
  45   46  0
  45   47  1
  45   48  1
  45   49  0
  45   50  1
  45   51  0
  45   52  1
  45   53  0
  45   54  1
  45   55  0
  45   56  1
  45   57  1
  45   58  0
  45   59  1
  45   60  1
  45   61  0
  45   62  1
  45   63  0
  45   64  0

  46    1  1
  46    2  0
  46    3  0
  46    4  1
  46    5  0
  46    6  1
  46    7  0
  46    8  1
  46    9  0
  46   10  0
  46   11  0
  46   12  1
  46   13  1
  46   14  0
  46   15  1
  46   16  0
  46   17  1
  46   18  1
  46   19  1
  46   20  1
  46   21  0
  46   22  1
  46   23  0
  46   24  0
  46   25  1
  46   26  1
  46   27  1
  46   28  1
  46   29  0
  46   30  1
  46   31  0
  46   32  1
  46   33  1
  46   34  0
  46   35  0
  46   36  0
  46   37  1
  46   38  0
  46   39  0
  46   40  1
  46   41  0
  46   42  0
  46   43  1
  46   44  0
  46   45  1
  46   46  1
  46   47  1
  46   48  0
  46   49  1
  46   50  0
  46   51  1
  46   52  0
  46   53  1
  46   54  1
  46   55  1
  46   56  0
  46   57  0
  46   58  0
  46   59  1
  46   60  0
  46   61  1
  46   62  0
  46   63  1
  46   64  0

  47    1  0
  47    2  1
  47    3  1
  47    4  0
  47    5  1
  47    6  0
  47    7  1
  47    8  0
  47    9  0
  47   10  0
  47   11  1
  47   12  0
  47   13  1
  47   14  1
  47   15  0
  47   16  1
  47   17  0
  47   18  1
  47   19  0
  47   20  1
  47   21  1
  47   22  1
  47   23  0
  47   24  1
  47   25  0
  47   26  1
  47   27  0
  47   28  1
  47   29  0
  47   30  1
  47   31  1
  47   32  0
  47   33  1
  47   34  1
  47   35  0
  47   36  1
  47   37  0
  47   38  1
  47   39  0
  47   40  1
  47   41  1
  47   42  1
  47   43  0
  47   44  1
  47   45  0
  47   46  1
  47   47  0
  47   48  1
  47   49  0
  47   50  1
  47   51  1
  47   52  0
  47   53  1
  47   54  1
  47   55  1
  47   56  1
  47   57  1
  47   58  1
  47   59  0
  47   60  1
  47   61  0
  47   62  1
  47   63  0
  47   64  1

  48    1  1
  48    2  1
  48    3  0
  48    4  0
  48    5  1
  48    6  1
  48    7  0
  48    8  1
  48    9  0
  48   10  0
  48   11  0
  48   12  1
  48   13  0
  48   14  0
  48   15  1
  48   16  0
  48   17  1
  48   18  1
  48   19  1
  48   20  0
  48   21  1
  48   22  0
  48   23  0
  48   24  1
  48   25  1
  48   26  0
  48   27  1
  48   28  0
  48   29  1
  48   30  1
  48   31  1
  48   32  0
  48   33  1
  48   34  1
  48   35  0
  48   36  1
  48   37  1
  48   38  0
  48   39  1
  48   40  0
  48   41  0
  48   42  0
  48   43  1
  48   44  0
  48   45  0
  48   46  1
  48   47  1
  48   48  0
  48   49  1
  48   50  0
  48   51  0
  48   52  1
  48   53  0
  48   54  0
  48   55  0
  48   56  1
  48   57  0
  48   58  0
  48   59  1
  48   60  1
  48   61  1
  48   62  0
  48   63  1
  48   64  0

  49    1  0
  49    2  1
  49    3  0
  49    4  1
  49    5  0
  49    6  1
  49    7  0
  49    8  0
  49    9  1
  49   10  1
  49   11  1
  49   12  0
  49   13  0
  49   14  1
  49   15  0
  49   16  1
  49   17  0
  49   18  0
  49   19  0
  49   20  0
  49   21  0
  49   22  1
  49   23  1
  49   24  1
  49   25  1
  49   26  1
  49   27  1
  49   28  0
  49   29  1
  49   30  0
  49   31  0
  49   32  1
  49   33  0
  49   34  0
  49   35  1
  49   36  1
  49   37  0
  49   38  0
  49   39  0
  49   40  1
  49   41  1
  49   42  0
  49   43  1
  49   44  0
  49   45  1
  49   46  1
  49   47  1
  49   48  0
  49   49  0
  49   50  1
  49   51  0
  49   52  0
  49   53  1
  49   54  0
  49   55  1
  49   56  0
  49   57  0
  49   58  1
  49   59  0
  49   60  0
  49   61  1
  49   62  1
  49   63  1
  49   64  1

  50    1  1
  50    2  0
  50    3  0
  50    4  0
  50    5  1
  50    6  0
  50    7  0
  50    8  0
  50    9  0
  50   10  0
  50   11  1
  50   12  1
  50   13  0
  50   14  0
  50   15  1
  50   16  0
  50   17  0
  50   18  1
  50   19  0
  50   20  1
  50   21  1
  50   22  1
  50   23  0
  50   24  1
  50   25  1
  50   26  0
  50   27  0
  50   28  1
  50   29  0
  50   30  1
  50   31  0
  50   32  0
  50   33  0
  50   34  1
  50   35  1
  50   36  0
  50   37  1
  50   38  0
  50   39  0
  50   40  0
  50   41  0
  50   42  1
  50   43  0
  50   44  0
  50   45  0
  50   46  0
  50   47  1
  50   48  1
  50   49  0
  50   50  0
  50   51  1
  50   52  0
  50   53  0
  50   54  1
  50   55  0
  50   56  1
  50   57  0
  50   58  0
  50   59  1
  50   60  1
  50   61  1
  50   62  1
  50   63  1
  50   64  0

  51    1  1
  51    2  0
  51    3  1
  51    4  0
  51    5  0
  51    6  1
  51    7  0
  51    8  0
  51    9  1
  51   10  1
  51   11  0
  51   12  1
  51   13  0
  51   14  1
  51   15  0
  51   16  0
  51   17  1
  51   18  0
  51   19  0
  51   20  1
  51   21  0
  51   22  0
  51   23  1
  51   24  1
  51   25  1
  51   26  0
  51   27  0
  51   28  0
  51   29  1
  51   30  0
  51   31  1
  51   32  0
  51   33  1
  51   34  1
  51   35  0
  51   36  0
  51   37  0
  51   38  1
  51   39  0
  51   40  1
  51   41  1
  51   42  0
  51   43  0
  51   44  0
  51   45  1
  51   46  0
  51   47  0
  51   48  1
  51   49  0
  51   50  1
  51   51  0
  51   52  1
  51   53  1
  51   54  0
  51   55  1
  51   56  1
  51   57  1
  51   58  1
  51   59  1
  51   60  0
  51   61  0
  51   62  1
  51   63  1
  51   64  1

  52    1  1
  52    2  0
  52    3  1
  52    4  1
  52    5  0
  52    6  0
  52    7  0
  52    8  1
  52    9  1
  52   10  0
  52   11  1
  52   12  0
  52   13  1
  52   14  0
  52   15  0
  52   16  0
  52   17  0
  52   18  0
  52   19  1
  52   20  0
  52   21  0
  52   22  1
  52   23  0
  52   24  0
  52   25  1
  52   26  0
  52   27  1
  52   28  0
  52   29  0
  52   30  0
  52   31  1
  52   32  0
  52   33  1
  52   34  1
  52   35  0
  52   36  1
  52   37  1
  52   38  0
  52   39  1
  52   40  1
  52   41  0
  52   42  0
  52   43  1
  52   44  0
  52   45  0
  52   46  1
  52   47  1
  52   48  0
  52   49  1
  52   50  0
  52   51  0
  52   52  0
  52   53  1
  52   54  1
  52   55  0
  52   56  1
  52   57  0
  52   58  1
  52   59  0
  52   60  1
  52   61  1
  52   62  0
  52   63  0
  52   64  0

  53    1  1
  53    2  1
  53    3  1
  53    4  1
  53    5  0
  53    6  1
  53    7  1
  53    8  0
  53    9  1
  53   10  0
  53   11  0
  53   12  0
  53   13  0
  53   14  1
  53   15  0
  53   16  1
  53   17  1
  53   18  0
  53   19  1
  53   20  1
  53   21  1
  53   22  0
  53   23  1
  53   24  0
  53   25  0
  53   26  0
  53   27  0
  53   28  1
  53   29  0
  53   30  1
  53   31  0
  53   32  0
  53   33  0
  53   34  1
  53   35  0
  53   36  1
  53   37  0
  53   38  1
  53   39  0
  53   40  1
  53   41  0
  53   42  1
  53   43  0
  53   44  0
  53   45  1
  53   46  1
  53   47  0
  53   48  0
  53   49  0
  53   50  1
  53   51  1
  53   52  0
  53   53  0
  53   54  0
  53   55  0
  53   56  0
  53   57  1
  53   58  0
  53   59  1
  53   60  1
  53   61  0
  53   62  1
  53   63  0
  53   64  0

  54    1  0
  54    2  1
  54    3  0
  54    4  0
  54    5  1
  54    6  0
  54    7  1
  54    8  0
  54    9  1
  54   10  1
  54   11  1
  54   12  1
  54   13  1
  54   14  0
  54   15  0
  54   16  0
  54   17  0
  54   18  1
  54   19  1
  54   20  0
  54   21  1
  54   22  1
  54   23  1
  54   24  1
  54   25  1
  54   26  0
  54   27  1
  54   28  0
  54   29  1
  54   30  0
  54   31  1
  54   32  0
  54   33  1
  54   34  1
  54   35  0
  54   36  1
  54   37  0
  54   38  0
  54   39  1
  54   40  0
  54   41  1
  54   42  0
  54   43  0
  54   44  1
  54   45  0
  54   46  1
  54   47  1
  54   48  1
  54   49  1
  54   50  0
  54   51  0
  54   52  1
  54   53  0
  54   54  0
  54   55  0
  54   56  1
  54   57  1
  54   58  1
  54   59  1
  54   60  0
  54   61  1
  54   62  0
  54   63  1
  54   64  0

  55    1  0
  55    2  1
  55    3  1
  55    4  0
  55    5  0
  55    6  1
  55    7  0
  55    8  1
  55    9  0
  55   10  0
  55   11  1
  55   12  0
  55   13  0
  55   14  1
  55   15  1
  55   16  0
  55   17  1
  55   18  0
  55   19  1
  55   20  1
  55   21  0
  55   22  1
  55   23  0
  55   24  1
  55   25  0
  55   26  0
  55   27  1
  55   28  0
  55   29  1
  55   30  1
  55   31  0
  55   32  0
  55   33  1
  55   34  0
  55   35  1
  55   36  0
  55   37  0
  55   38  1
  55   39  1
  55   40  1
  55   41  0
  55   42  1
  55   43  0
  55   44  0
  55   45  1
  55   46  1
  55   47  0
  55   48  1
  55   49  0
  55   50  0
  55   51  1
  55   52  0
  55   53  1
  55   54  0
  55   55  1
  55   56  0
  55   57  1
  55   58  0
  55   59  1
  55   60  0
  55   61  1
  55   62  1
  55   63  0
  55   64  1

  56    1  0
  56    2  1
  56    3  0
  56    4  1
  56    5  1
  56    6  0
  56    7  0
  56    8  1
  56    9  0
  56   10  1
  56   11  0
  56   12  1
  56   13  0
  56   14  1
  56   15  1
  56   16  1
  56   17  1
  56   18  1
  56   19  1
  56   20  1
  56   21  0
  56   22  0
  56   23  0
  56   24  1
  56   25  0
  56   26  1
  56   27  1
  56   28  0
  56   29  0
  56   30  1
  56   31  1
  56   32  0
  56   33  0
  56   34  1
  56   35  0
  56   36  1
  56   37  0
  56   38  1
  56   39  1
  56   40  0
  56   41  0
  56   42  0
  56   43  1
  56   44  0
  56   45  0
  56   46  0
  56   47  1
  56   48  1
  56   49  0
  56   50  1
  56   51  0
  56   52  1
  56   53  0
  56   54  1
  56   55  0
  56   56  1
  56   57  0
  56   58  1
  56   59  0
  56   60  1
  56   61  0
  56   62  0
  56   63  0
  56   64  0

  57    1  0
  57    2  0
  57    3  1
  57    4  0
  57    5  1
  57    6  1
  57    7  1
  57    8  0
  57    9  0
  57   10  0
  57   11  0
  57   12  1
  57   13  0
  57   14  1
  57   15  0
  57   16  0
  57   17  1
  57   18  1
  57   19  1
  57   20  0
  57   21  0
  57   22  1
  57   23  1
  57   24  0
  57   25  0
  57   26  1
  57   27  1
  57   28  1
  57   29  0
  57   30  1
  57   31  0
  57   32  0
  57   33  1
  57   34  1
  57   35  0
  57   36  1
  57   37  1
  57   38  0
  57   39  1
  57   40  0
  57   41  1
  57   42  1
  57   43  0
  57   44  1
  57   45  0
  57   46  0
  57   47  1
  57   48  0
  57   49  1
  57   50  0
  57   51  1
  57   52  0
  57   53  1
  57   54  1
  57   55  1
  57   56  0
  57   57  1
  57   58  0
  57   59  0
  57   60  1
  57   61  1
  57   62  0
  57   63  1
  57   64  0

  58    1  0
  58    2  1
  58    3  0
  58    4  1
  58    5  1
  58    6  0
  58    7  1
  58    8  0
  58    9  0
  58   10  1
  58   11  0
  58   12  1
  58   13  1
  58   14  0
  58   15  1
  58   16  0
  58   17  1
  58   18  1
  58   19  1
  58   20  1
  58   21  0
  58   22  0
  58   23  1
  58   24  1
  58   25  1
  58   26  0
  58   27  0
  58   28  0
  58   29  1
  58   30  0
  58   31  1
  58   32  0
  58   33  1
  58   34  0
  58   35  1
  58   36  0
  58   37  1
  58   38  0
  58   39  1
  58   40  0
  58   41  1
  58   42  0
  58   43  1
  58   44  0
  58   45  0
  58   46  1
  58   47  1
  58   48  0
  58   49  1
  58   50  1
  58   51  0
  58   52  0
  58   53  0
  58   54  0
  58   55  1
  58   56  0
  58   57  1
  58   58  1
  58   59  1
  58   60  0
  58   61  1
  58   62  0
  58   63  0
  58   64  0

  59    1  0
  59    2  0
  59    3  1
  59    4  0
  59    5  0
  59    6  0
  59    7  0
  59    8  1
  59    9  0
  59   10  0
  59   11  1
  59   12  0
  59   13  1
  59   14  0
  59   15  0
  59   16  0
  59   17  0
  59   18  0
  59   19  0
  59   20  1
  59   21  0
  59   22  0
  59   23  0
  59   24  1
  59   25  1
  59   26  1
  59   27  1
  59   28  1
  59   29  0
  59   30  0
  59   31  1
  59   32  0
  59   33  1
  59   34  0
  59   35  1
  59   36  0
  59   37  1
  59   38  1
  59   39  1
  59   40  0
  59   41  0
  59   42  1
  59   43  0
  59   44  1
  59   45  1
  59   46  0
  59   47  0
  59   48  1
  59   49  0
  59   50  0
  59   51  1
  59   52  1
  59   53  1
  59   54  0
  59   55  1
  59   56  1
  59   57  0
  59   58  1
  59   59  0
  59   60  1
  59   61  0
  59   62  0
  59   63  1
  59   64  0

  60    1  0
  60    2  1
  60    3  0
  60    4  1
  60    5  1
  60    6  0
  60    7  1
  60    8  0
  60    9  1
  60   10  0
  60   11  0
  60   12  0
  60   13  0
  60   14  1
  60   15  1
  60   16  0
  60   17  1
  60   18  1
  60   19  0
  60   20  0
  60   21  1
  60   22  1
  60   23  0
  60   24  1
  60   25  0
  60   26  1
  60   27  0
  60   28  1
  60   29  0
  60   30  0
  60   31  0
  60   32  1
  60   33  0
  60   34  1
  60   35  0
  60   36  0
  60   37  1
  60   38  0
  60   39  1
  60   40  1
  60   41  0
  60   42  0
  60   43  0
  60   44  1
  60   45  1
  60   46  0
  60   47  0
  60   48  0
  60   49  1
  60   50  0
  60   51  1
  60   52  1
  60   53  1
  60   54  0
  60   55  0
  60   56  1
  60   57  0
  60   58  1
  60   59  1
  60   60  0
  60   61  0
  60   62  1
  60   63  0
  60   64  1

  61    1  1
  61    2  1
  61    3  1
  61    4  1
  61    5  0
  61    6  1
  61    7  0
  61    8  1
  61    9  0
  61   10  0
  61   11  1
  61   12  1
  61   13  0
  61   14  1
  61   15  0
  61   16  1
  61   17  0
  61   18  1
  61   19  0
  61   20  1
  61   21  0
  61   22  1
  61   23  0
  61   24  0
  61   25  0
  61   26  1
  61   27  0
  61   28  0
  61   29  1
  61   30  0
  61   31  1
  61   32  1
  61   33  1
  61   34  0
  61   35  0
  61   36  1
  61   37  0
  61   38  0
  61   39  0
  61   40  0
  61   41  1
  61   42  0
  61   43  1
  61   44  0
  61   45  1
  61   46  1
  61   47  1
  61   48  0
  61   49  0
  61   50  1
  61   51  0
  61   52  1
  61   53  0
  61   54  1
  61   55  1
  61   56  0
  61   57  1
  61   58  0
  61   59  1
  61   60  1
  61   61  0
  61   62  1
  61   63  0
  61   64  1

  62    1  0
  62    2  1
  62    3  1
  62    4  1
  62    5  1
  62    6  1
  62    7  1
  62    8  1
  62    9  1
  62   10  1
  62   11  0
  62   12  1
  62   13  0
  62   14  1
  62   15  1
  62   16  0
  62   17  1
  62   18  0
  62   19  0
  62   20  1
  62   21  0
  62   22  1
  62   23  1
  62   24  0
  62   25  1
  62   26  1
  62   27  1
  62   28  0
  62   29  0
  62   30  1
  62   31  0
  62   32  0
  62   33  1
  62   34  0
  62   35  1
  62   36  0
  62   37  0
  62   38  1
  62   39  0
  62   40  1
  62   41  0
  62   42  1
  62   43  0
  62   44  1
  62   45  0
  62   46  0
  62   47  0
  62   48  0
  62   49  1
  62   50  0
  62   51  1
  62   52  0
  62   53  1
  62   54  1
  62   55  0
  62   56  0
  62   57  0
  62   58  1
  62   59  1
  62   60  0
  62   61  0
  62   62  0
  62   63  1
  62   64  1

  63    1  1
  63    2  0
  63    3  1
  63    4  0
  63    5  0
  63    6  0
  63    7  0
  63    8  0
  63    9  1
  63   10  0
  63   11  1
  63   12  0
  63   13  0
  63   14  0
  63   15  0
  63   16  1
  63   17  1
  63   18  0
  63   19  1
  63   20  0
  63   21  1
  63   22  0
  63   23  1
  63   24  0
  63   25  0
  63   26  0
  63   27  0
  63   28  0
  63   29  1
  63   30  1
  63   31  1
  63   32  0
  63   33  0
  63   34  1
  63   35  1
  63   36  1
  63   37  0
  63   38  1
  63   39  1
  63   40  0
  63   41  1
  63   42  1
  63   43  1
  63   44  1
  63   45  1
  63   46  1
  63   47  0
  63   48  1
  63   49  0
  63   50  0
  63   51  0
  63   52  0
  63   53  1
  63   54  0
  63   55  0
  63   56  1
  63   57  1
  63   58  1
  63   59  0
  63   60  1
  63   61  1
  63   62  0
  63   63  0
  63   64  0

  64    1  0
  64    2  1
  64    3  1
  64    4  1
  64    5  0
  64    6  1
  64    7  1
  64    8  1
  64    9  1
  64   10  1
  64   11  1
  64   12  1
  64   13  1
  64   14  0
  64   15  1
  64   16  0
  64   17  1
  64   18  0
  64   19  0
  64   20  1
  64   21  1
  64   22  0
  64   23  0
  64   24  1
  64   25  1
  64   26  0
  64   27  0
  64   28  1
  64   29  0
  64   30  1
  64   31  0
  64   32  0
  64   33  1
  64   34  0
  64   35  1
  64   36  0
  64   37  1
  64   38  1
  64   39  0
  64   40  0
  64   41  1
  64   42  0
  64   43  1
  64   44  1
  64   45  1
  64   46  0
  64   47  1
  64   48  0
  64   49  1
  64   50  1
  64   51  0
  64   52  1
  64   53  0
  64   54  1
  64   55  1
  64   56  0
  64   57  0
  64   58  0
  64   59  1
  64   60  0
  64   61  0
  64   62  1
  64   63  0
  64   64  0
