
 # T =  0.965656565656561     

   1    1  0
   1    2  1
   1    3  0
   1    4  0
   1    5  0
   1    6  1
   1    7  1
   1    8  0
   1    9  1
   1   10  1
   1   11  1
   1   12  0
   1   13  1
   1   14  0
   1   15  1
   1   16  0
   1   17  1
   1   18  1
   1   19  0
   1   20  1
   1   21  0
   1   22  0
   1   23  0
   1   24  1
   1   25  0
   1   26  0
   1   27  1
   1   28  1
   1   29  0
   1   30  1
   1   31  0
   1   32  1
   1   33  1
   1   34  0
   1   35  0
   1   36  1
   1   37  1
   1   38  1
   1   39  0
   1   40  1
   1   41  0
   1   42  1
   1   43  1
   1   44  0
   1   45  0
   1   46  1
   1   47  0
   1   48  1
   1   49  1
   1   50  1
   1   51  1
   1   52  0
   1   53  1
   1   54  0
   1   55  1
   1   56  0
   1   57  1
   1   58  0
   1   59  1
   1   60  0
   1   61  1
   1   62  0
   1   63  1
   1   64  0

   2    1  0
   2    2  1
   2    3  0
   2    4  0
   2    5  1
   2    6  0
   2    7  0
   2    8  0
   2    9  0
   2   10  1
   2   11  0
   2   12  0
   2   13  1
   2   14  0
   2   15  0
   2   16  1
   2   17  1
   2   18  0
   2   19  1
   2   20  0
   2   21  1
   2   22  0
   2   23  1
   2   24  0
   2   25  0
   2   26  1
   2   27  1
   2   28  1
   2   29  0
   2   30  0
   2   31  1
   2   32  1
   2   33  1
   2   34  1
   2   35  1
   2   36  0
   2   37  0
   2   38  0
   2   39  1
   2   40  0
   2   41  1
   2   42  1
   2   43  0
   2   44  1
   2   45  1
   2   46  1
   2   47  0
   2   48  1
   2   49  0
   2   50  0
   2   51  0
   2   52  1
   2   53  0
   2   54  1
   2   55  0
   2   56  1
   2   57  0
   2   58  1
   2   59  0
   2   60  1
   2   61  0
   2   62  1
   2   63  0
   2   64  1

   3    1  1
   3    2  0
   3    3  0
   3    4  1
   3    5  0
   3    6  1
   3    7  1
   3    8  1
   3    9  1
   3   10  0
   3   11  1
   3   12  1
   3   13  1
   3   14  1
   3   15  1
   3   16  0
   3   17  0
   3   18  1
   3   19  1
   3   20  1
   3   21  0
   3   22  1
   3   23  1
   3   24  0
   3   25  0
   3   26  0
   3   27  0
   3   28  0
   3   29  1
   3   30  1
   3   31  0
   3   32  1
   3   33  0
   3   34  0
   3   35  1
   3   36  1
   3   37  1
   3   38  0
   3   39  0
   3   40  1
   3   41  0
   3   42  0
   3   43  0
   3   44  0
   3   45  1
   3   46  0
   3   47  1
   3   48  0
   3   49  1
   3   50  1
   3   51  1
   3   52  0
   3   53  1
   3   54  0
   3   55  1
   3   56  0
   3   57  1
   3   58  0
   3   59  1
   3   60  1
   3   61  1
   3   62  0
   3   63  1
   3   64  0

   4    1  1
   4    2  0
   4    3  1
   4    4  1
   4    5  0
   4    6  0
   4    7  0
   4    8  0
   4    9  0
   4   10  1
   4   11  1
   4   12  1
   4   13  0
   4   14  0
   4   15  1
   4   16  0
   4   17  1
   4   18  0
   4   19  1
   4   20  0
   4   21  1
   4   22  1
   4   23  1
   4   24  0
   4   25  1
   4   26  0
   4   27  1
   4   28  1
   4   29  0
   4   30  1
   4   31  1
   4   32  0
   4   33  0
   4   34  1
   4   35  0
   4   36  1
   4   37  1
   4   38  0
   4   39  0
   4   40  1
   4   41  1
   4   42  1
   4   43  0
   4   44  1
   4   45  1
   4   46  1
   4   47  0
   4   48  1
   4   49  0
   4   50  0
   4   51  0
   4   52  0
   4   53  0
   4   54  1
   4   55  0
   4   56  1
   4   57  0
   4   58  1
   4   59  0
   4   60  1
   4   61  1
   4   62  0
   4   63  1
   4   64  0

   5    1  0
   5    2  1
   5    3  1
   5    4  0
   5    5  0
   5    6  1
   5    7  0
   5    8  1
   5    9  1
   5   10  1
   5   11  0
   5   12  0
   5   13  0
   5   14  1
   5   15  0
   5   16  1
   5   17  0
   5   18  1
   5   19  1
   5   20  0
   5   21  0
   5   22  1
   5   23  0
   5   24  1
   5   25  1
   5   26  1
   5   27  0
   5   28  1
   5   29  0
   5   30  1
   5   31  1
   5   32  1
   5   33  1
   5   34  1
   5   35  0
   5   36  0
   5   37  1
   5   38  1
   5   39  0
   5   40  1
   5   41  0
   5   42  1
   5   43  1
   5   44  0
   5   45  1
   5   46  0
   5   47  1
   5   48  1
   5   49  0
   5   50  0
   5   51  1
   5   52  1
   5   53  0
   5   54  0
   5   55  1
   5   56  0
   5   57  1
   5   58  0
   5   59  1
   5   60  0
   5   61  0
   5   62  1
   5   63  0
   5   64  1

   6    1  1
   6    2  0
   6    3  1
   6    4  1
   6    5  1
   6    6  1
   6    7  0
   6    8  1
   6    9  0
   6   10  1
   6   11  0
   6   12  0
   6   13  1
   6   14  0
   6   15  0
   6   16  0
   6   17  1
   6   18  0
   6   19  0
   6   20  0
   6   21  0
   6   22  1
   6   23  1
   6   24  0
   6   25  1
   6   26  0
   6   27  1
   6   28  0
   6   29  1
   6   30  1
   6   31  0
   6   32  0
   6   33  1
   6   34  1
   6   35  0
   6   36  1
   6   37  0
   6   38  0
   6   39  1
   6   40  0
   6   41  0
   6   42  1
   6   43  0
   6   44  1
   6   45  0
   6   46  1
   6   47  0
   6   48  1
   6   49  0
   6   50  1
   6   51  1
   6   52  0
   6   53  0
   6   54  1
   6   55  0
   6   56  1
   6   57  0
   6   58  0
   6   59  0
   6   60  0
   6   61  1
   6   62  0
   6   63  0
   6   64  0

   7    1  0
   7    2  0
   7    3  1
   7    4  0
   7    5  0
   7    6  0
   7    7  1
   7    8  0
   7    9  0
   7   10  1
   7   11  0
   7   12  1
   7   13  0
   7   14  1
   7   15  1
   7   16  0
   7   17  1
   7   18  1
   7   19  1
   7   20  1
   7   21  1
   7   22  1
   7   23  0
   7   24  1
   7   25  1
   7   26  0
   7   27  1
   7   28  0
   7   29  0
   7   30  1
   7   31  1
   7   32  0
   7   33  1
   7   34  0
   7   35  1
   7   36  0
   7   37  1
   7   38  1
   7   39  0
   7   40  0
   7   41  1
   7   42  0
   7   43  0
   7   44  1
   7   45  1
   7   46  0
   7   47  1
   7   48  0
   7   49  1
   7   50  1
   7   51  1
   7   52  0
   7   53  1
   7   54  1
   7   55  1
   7   56  0
   7   57  1
   7   58  1
   7   59  1
   7   60  1
   7   61  0
   7   62  1
   7   63  0
   7   64  1

   8    1  1
   8    2  0
   8    3  1
   8    4  0
   8    5  0
   8    6  1
   8    7  0
   8    8  1
   8    9  0
   8   10  1
   8   11  1
   8   12  0
   8   13  1
   8   14  0
   8   15  0
   8   16  1
   8   17  1
   8   18  0
   8   19  0
   8   20  1
   8   21  0
   8   22  0
   8   23  1
   8   24  0
   8   25  1
   8   26  0
   8   27  1
   8   28  0
   8   29  1
   8   30  0
   8   31  1
   8   32  1
   8   33  0
   8   34  1
   8   35  0
   8   36  1
   8   37  1
   8   38  1
   8   39  0
   8   40  0
   8   41  0
   8   42  1
   8   43  0
   8   44  0
   8   45  1
   8   46  1
   8   47  0
   8   48  1
   8   49  1
   8   50  0
   8   51  0
   8   52  1
   8   53  0
   8   54  0
   8   55  0
   8   56  1
   8   57  0
   8   58  1
   8   59  1
   8   60  0
   8   61  1
   8   62  0
   8   63  1
   8   64  0

   9    1  0
   9    2  1
   9    3  0
   9    4  1
   9    5  0
   9    6  1
   9    7  1
   9    8  0
   9    9  1
   9   10  0
   9   11  0
   9   12  1
   9   13  1
   9   14  1
   9   15  1
   9   16  1
   9   17  0
   9   18  1
   9   19  1
   9   20  0
   9   21  1
   9   22  1
   9   23  0
   9   24  0
   9   25  0
   9   26  1
   9   27  0
   9   28  1
   9   29  0
   9   30  1
   9   31  1
   9   32  0
   9   33  1
   9   34  0
   9   35  1
   9   36  1
   9   37  0
   9   38  0
   9   39  1
   9   40  0
   9   41  1
   9   42  0
   9   43  0
   9   44  1
   9   45  0
   9   46  1
   9   47  1
   9   48  0
   9   49  0
   9   50  1
   9   51  0
   9   52  0
   9   53  1
   9   54  1
   9   55  0
   9   56  0
   9   57  0
   9   58  0
   9   59  1
   9   60  0
   9   61  1
   9   62  0
   9   63  0
   9   64  1

  10    1  1
  10    2  0
  10    3  1
  10    4  0
  10    5  1
  10    6  0
  10    7  0
  10    8  0
  10    9  1
  10   10  0
  10   11  1
  10   12  0
  10   13  1
  10   14  0
  10   15  1
  10   16  0
  10   17  1
  10   18  0
  10   19  1
  10   20  1
  10   21  0
  10   22  0
  10   23  1
  10   24  0
  10   25  1
  10   26  0
  10   27  0
  10   28  1
  10   29  0
  10   30  1
  10   31  0
  10   32  1
  10   33  0
  10   34  1
  10   35  0
  10   36  1
  10   37  0
  10   38  0
  10   39  0
  10   40  0
  10   41  1
  10   42  0
  10   43  1
  10   44  0
  10   45  1
  10   46  0
  10   47  0
  10   48  0
  10   49  1
  10   50  1
  10   51  0
  10   52  0
  10   53  1
  10   54  0
  10   55  0
  10   56  1
  10   57  0
  10   58  1
  10   59  0
  10   60  0
  10   61  1
  10   62  0
  10   63  1
  10   64  1

  11    1  1
  11    2  0
  11    3  1
  11    4  0
  11    5  0
  11    6  1
  11    7  1
  11    8  0
  11    9  0
  11   10  1
  11   11  0
  11   12  1
  11   13  0
  11   14  1
  11   15  0
  11   16  1
  11   17  0
  11   18  1
  11   19  0
  11   20  0
  11   21  1
  11   22  1
  11   23  0
  11   24  0
  11   25  0
  11   26  1
  11   27  1
  11   28  0
  11   29  1
  11   30  0
  11   31  0
  11   32  1
  11   33  1
  11   34  0
  11   35  1
  11   36  0
  11   37  0
  11   38  1
  11   39  1
  11   40  0
  11   41  0
  11   42  0
  11   43  0
  11   44  0
  11   45  0
  11   46  1
  11   47  1
  11   48  0
  11   49  0
  11   50  0
  11   51  1
  11   52  1
  11   53  1
  11   54  1
  11   55  1
  11   56  1
  11   57  1
  11   58  1
  11   59  1
  11   60  1
  11   61  0
  11   62  1
  11   63  1
  11   64  0

  12    1  0
  12    2  1
  12    3  1
  12    4  1
  12    5  0
  12    6  0
  12    7  0
  12    8  1
  12    9  0
  12   10  0
  12   11  1
  12   12  0
  12   13  1
  12   14  1
  12   15  0
  12   16  1
  12   17  1
  12   18  1
  12   19  1
  12   20  0
  12   21  0
  12   22  1
  12   23  1
  12   24  1
  12   25  1
  12   26  0
  12   27  1
  12   28  1
  12   29  1
  12   30  0
  12   31  1
  12   32  0
  12   33  1
  12   34  0
  12   35  1
  12   36  1
  12   37  1
  12   38  0
  12   39  1
  12   40  0
  12   41  0
  12   42  0
  12   43  1
  12   44  1
  12   45  0
  12   46  0
  12   47  0
  12   48  0
  12   49  1
  12   50  1
  12   51  1
  12   52  0
  12   53  1
  12   54  0
  12   55  1
  12   56  0
  12   57  1
  12   58  0
  12   59  1
  12   60  0
  12   61  1
  12   62  0
  12   63  1
  12   64  1

  13    1  1
  13    2  0
  13    3  0
  13    4  1
  13    5  0
  13    6  1
  13    7  1
  13    8  1
  13    9  0
  13   10  1
  13   11  0
  13   12  1
  13   13  0
  13   14  1
  13   15  0
  13   16  1
  13   17  0
  13   18  1
  13   19  1
  13   20  1
  13   21  1
  13   22  0
  13   23  1
  13   24  0
  13   25  0
  13   26  0
  13   27  1
  13   28  0
  13   29  1
  13   30  1
  13   31  1
  13   32  0
  13   33  0
  13   34  1
  13   35  0
  13   36  1
  13   37  0
  13   38  1
  13   39  0
  13   40  1
  13   41  0
  13   42  1
  13   43  0
  13   44  0
  13   45  1
  13   46  0
  13   47  1
  13   48  0
  13   49  0
  13   50  1
  13   51  0
  13   52  1
  13   53  0
  13   54  0
  13   55  1
  13   56  0
  13   57  0
  13   58  1
  13   59  0
  13   60  1
  13   61  1
  13   62  1
  13   63  0
  13   64  1

  14    1  1
  14    2  0
  14    3  1
  14    4  1
  14    5  1
  14    6  0
  14    7  1
  14    8  0
  14    9  1
  14   10  1
  14   11  1
  14   12  0
  14   13  0
  14   14  1
  14   15  1
  14   16  0
  14   17  1
  14   18  0
  14   19  0
  14   20  0
  14   21  1
  14   22  1
  14   23  1
  14   24  1
  14   25  0
  14   26  1
  14   27  0
  14   28  1
  14   29  0
  14   30  0
  14   31  1
  14   32  1
  14   33  0
  14   34  0
  14   35  0
  14   36  1
  14   37  0
  14   38  1
  14   39  1
  14   40  0
  14   41  1
  14   42  0
  14   43  1
  14   44  0
  14   45  1
  14   46  1
  14   47  0
  14   48  0
  14   49  1
  14   50  0
  14   51  1
  14   52  0
  14   53  1
  14   54  0
  14   55  0
  14   56  0
  14   57  0
  14   58  1
  14   59  1
  14   60  1
  14   61  1
  14   62  0
  14   63  0
  14   64  0

  15    1  1
  15    2  1
  15    3  1
  15    4  0
  15    5  1
  15    6  1
  15    7  1
  15    8  0
  15    9  0
  15   10  1
  15   11  0
  15   12  0
  15   13  0
  15   14  0
  15   15  1
  15   16  1
  15   17  0
  15   18  1
  15   19  0
  15   20  1
  15   21  0
  15   22  0
  15   23  1
  15   24  0
  15   25  1
  15   26  1
  15   27  0
  15   28  0
  15   29  1
  15   30  0
  15   31  0
  15   32  1
  15   33  1
  15   34  1
  15   35  1
  15   36  0
  15   37  1
  15   38  0
  15   39  0
  15   40  0
  15   41  0
  15   42  1
  15   43  0
  15   44  1
  15   45  0
  15   46  1
  15   47  1
  15   48  0
  15   49  0
  15   50  0
  15   51  0
  15   52  1
  15   53  1
  15   54  0
  15   55  1
  15   56  1
  15   57  1
  15   58  0
  15   59  0
  15   60  1
  15   61  0
  15   62  1
  15   63  1
  15   64  0

  16    1  0
  16    2  0
  16    3  1
  16    4  0
  16    5  1
  16    6  0
  16    7  1
  16    8  0
  16    9  1
  16   10  0
  16   11  0
  16   12  0
  16   13  1
  16   14  1
  16   15  0
  16   16  0
  16   17  1
  16   18  1
  16   19  1
  16   20  0
  16   21  0
  16   22  1
  16   23  0
  16   24  1
  16   25  1
  16   26  1
  16   27  0
  16   28  1
  16   29  1
  16   30  0
  16   31  0
  16   32  0
  16   33  0
  16   34  0
  16   35  1
  16   36  0
  16   37  0
  16   38  1
  16   39  0
  16   40  1
  16   41  1
  16   42  0
  16   43  1
  16   44  0
  16   45  1
  16   46  0
  16   47  0
  16   48  1
  16   49  1
  16   50  1
  16   51  0
  16   52  0
  16   53  0
  16   54  1
  16   55  0
  16   56  1
  16   57  1
  16   58  0
  16   59  1
  16   60  1
  16   61  1
  16   62  1
  16   63  0
  16   64  1

  17    1  0
  17    2  1
  17    3  0
  17    4  1
  17    5  0
  17    6  0
  17    7  0
  17    8  1
  17    9  0
  17   10  1
  17   11  1
  17   12  0
  17   13  1
  17   14  0
  17   15  1
  17   16  0
  17   17  0
  17   18  1
  17   19  0
  17   20  1
  17   21  1
  17   22  0
  17   23  0
  17   24  1
  17   25  0
  17   26  0
  17   27  1
  17   28  0
  17   29  0
  17   30  1
  17   31  1
  17   32  1
  17   33  0
  17   34  1
  17   35  0
  17   36  1
  17   37  1
  17   38  0
  17   39  1
  17   40  1
  17   41  0
  17   42  1
  17   43  0
  17   44  1
  17   45  0
  17   46  1
  17   47  0
  17   48  0
  17   49  0
  17   50  1
  17   51  1
  17   52  0
  17   53  1
  17   54  0
  17   55  1
  17   56  1
  17   57  0
  17   58  1
  17   59  0
  17   60  1
  17   61  0
  17   62  0
  17   63  1
  17   64  0

  18    1  0
  18    2  1
  18    3  1
  18    4  1
  18    5  0
  18    6  1
  18    7  0
  18    8  1
  18    9  1
  18   10  0
  18   11  1
  18   12  1
  18   13  1
  18   14  0
  18   15  0
  18   16  1
  18   17  1
  18   18  0
  18   19  1
  18   20  0
  18   21  0
  18   22  1
  18   23  1
  18   24  0
  18   25  0
  18   26  0
  18   27  0
  18   28  0
  18   29  0
  18   30  0
  18   31  0
  18   32  1
  18   33  1
  18   34  0
  18   35  0
  18   36  0
  18   37  1
  18   38  1
  18   39  1
  18   40  0
  18   41  0
  18   42  1
  18   43  0
  18   44  0
  18   45  1
  18   46  1
  18   47  1
  18   48  0
  18   49  1
  18   50  1
  18   51  0
  18   52  1
  18   53  0
  18   54  1
  18   55  1
  18   56  0
  18   57  1
  18   58  0
  18   59  1
  18   60  0
  18   61  0
  18   62  1
  18   63  0
  18   64  1

  19    1  1
  19    2  0
  19    3  1
  19    4  1
  19    5  1
  19    6  1
  19    7  1
  19    8  0
  19    9  1
  19   10  0
  19   11  0
  19   12  1
  19   13  0
  19   14  1
  19   15  0
  19   16  0
  19   17  1
  19   18  0
  19   19  0
  19   20  1
  19   21  1
  19   22  0
  19   23  1
  19   24  1
  19   25  0
  19   26  0
  19   27  0
  19   28  1
  19   29  1
  19   30  1
  19   31  0
  19   32  0
  19   33  0
  19   34  0
  19   35  0
  19   36  1
  19   37  0
  19   38  0
  19   39  0
  19   40  1
  19   41  1
  19   42  1
  19   43  1
  19   44  0
  19   45  1
  19   46  0
  19   47  0
  19   48  1
  19   49  1
  19   50  1
  19   51  0
  19   52  0
  19   53  0
  19   54  0
  19   55  0
  19   56  0
  19   57  0
  19   58  0
  19   59  1
  19   60  1
  19   61  0
  19   62  1
  19   63  0
  19   64  0

  20    1  0
  20    2  1
  20    3  0
  20    4  1
  20    5  0
  20    6  0
  20    7  0
  20    8  1
  20    9  0
  20   10  0
  20   11  1
  20   12  0
  20   13  1
  20   14  0
  20   15  0
  20   16  1
  20   17  0
  20   18  1
  20   19  0
  20   20  1
  20   21  0
  20   22  0
  20   23  0
  20   24  1
  20   25  1
  20   26  1
  20   27  0
  20   28  0
  20   29  0
  20   30  0
  20   31  1
  20   32  1
  20   33  1
  20   34  1
  20   35  1
  20   36  0
  20   37  1
  20   38  0
  20   39  1
  20   40  0
  20   41  0
  20   42  0
  20   43  1
  20   44  0
  20   45  0
  20   46  1
  20   47  0
  20   48  1
  20   49  0
  20   50  1
  20   51  1
  20   52  1
  20   53  1
  20   54  0
  20   55  1
  20   56  0
  20   57  0
  20   58  0
  20   59  0
  20   60  1
  20   61  0
  20   62  0
  20   63  1
  20   64  0

  21    1  1
  21    2  0
  21    3  1
  21    4  0
  21    5  1
  21    6  0
  21    7  1
  21    8  0
  21    9  1
  21   10  1
  21   11  0
  21   12  1
  21   13  0
  21   14  0
  21   15  1
  21   16  1
  21   17  0
  21   18  0
  21   19  1
  21   20  0
  21   21  0
  21   22  1
  21   23  1
  21   24  0
  21   25  0
  21   26  0
  21   27  1
  21   28  1
  21   29  1
  21   30  0
  21   31  1
  21   32  0
  21   33  1
  21   34  1
  21   35  0
  21   36  1
  21   37  0
  21   38  1
  21   39  0
  21   40  1
  21   41  1
  21   42  0
  21   43  0
  21   44  1
  21   45  0
  21   46  1
  21   47  1
  21   48  0
  21   49  1
  21   50  0
  21   51  1
  21   52  0
  21   53  1
  21   54  1
  21   55  1
  21   56  0
  21   57  1
  21   58  0
  21   59  1
  21   60  0
  21   61  1
  21   62  0
  21   63  0
  21   64  1

  22    1  1
  22    2  1
  22    3  0
  22    4  1
  22    5  0
  22    6  1
  22    7  0
  22    8  1
  22    9  0
  22   10  1
  22   11  1
  22   12  0
  22   13  1
  22   14  1
  22   15  0
  22   16  1
  22   17  0
  22   18  0
  22   19  0
  22   20  1
  22   21  0
  22   22  0
  22   23  0
  22   24  1
  22   25  0
  22   26  1
  22   27  0
  22   28  0
  22   29  1
  22   30  0
  22   31  0
  22   32  1
  22   33  0
  22   34  1
  22   35  1
  22   36  0
  22   37  1
  22   38  0
  22   39  1
  22   40  0
  22   41  0
  22   42  1
  22   43  1
  22   44  0
  22   45  0
  22   46  0
  22   47  0
  22   48  1
  22   49  1
  22   50  0
  22   51  0
  22   52  1
  22   53  0
  22   54  1
  22   55  0
  22   56  1
  22   57  0
  22   58  0
  22   59  1
  22   60  1
  22   61  0
  22   62  1
  22   63  1
  22   64  0

  23    1  1
  23    2  0
  23    3  1
  23    4  0
  23    5  0
  23    6  1
  23    7  1
  23    8  0
  23    9  0
  23   10  1
  23   11  1
  23   12  1
  23   13  0
  23   14  0
  23   15  1
  23   16  0
  23   17  1
  23   18  1
  23   19  0
  23   20  1
  23   21  1
  23   22  1
  23   23  1
  23   24  0
  23   25  1
  23   26  0
  23   27  0
  23   28  0
  23   29  0
  23   30  0
  23   31  1
  23   32  0
  23   33  0
  23   34  0
  23   35  1
  23   36  1
  23   37  1
  23   38  0
  23   39  1
  23   40  1
  23   41  0
  23   42  0
  23   43  0
  23   44  1
  23   45  1
  23   46  1
  23   47  1
  23   48  1
  23   49  0
  23   50  1
  23   51  0
  23   52  0
  23   53  1
  23   54  0
  23   55  1
  23   56  1
  23   57  1
  23   58  1
  23   59  1
  23   60  0
  23   61  1
  23   62  1
  23   63  0
  23   64  1

  24    1  1
  24    2  0
  24    3  0
  24    4  0
  24    5  1
  24    6  0
  24    7  1
  24    8  0
  24    9  0
  24   10  0
  24   11  1
  24   12  1
  24   13  0
  24   14  1
  24   15  0
  24   16  1
  24   17  0
  24   18  1
  24   19  1
  24   20  0
  24   21  0
  24   22  1
  24   23  0
  24   24  1
  24   25  1
  24   26  0
  24   27  1
  24   28  0
  24   29  1
  24   30  1
  24   31  1
  24   32  0
  24   33  1
  24   34  0
  24   35  0
  24   36  0
  24   37  0
  24   38  1
  24   39  0
  24   40  0
  24   41  0
  24   42  1
  24   43  1
  24   44  0
  24   45  1
  24   46  0
  24   47  1
  24   48  0
  24   49  1
  24   50  0
  24   51  1
  24   52  1
  24   53  1
  24   54  1
  24   55  0
  24   56  1
  24   57  0
  24   58  1
  24   59  1
  24   60  0
  24   61  0
  24   62  0
  24   63  0
  24   64  1

  25    1  0
  25    2  1
  25    3  0
  25    4  1
  25    5  0
  25    6  0
  25    7  1
  25    8  1
  25    9  1
  25   10  0
  25   11  0
  25   12  1
  25   13  1
  25   14  1
  25   15  1
  25   16  0
  25   17  1
  25   18  0
  25   19  0
  25   20  1
  25   21  0
  25   22  1
  25   23  0
  25   24  1
  25   25  0
  25   26  1
  25   27  1
  25   28  0
  25   29  0
  25   30  0
  25   31  0
  25   32  1
  25   33  0
  25   34  1
  25   35  0
  25   36  1
  25   37  1
  25   38  0
  25   39  1
  25   40  1
  25   41  0
  25   42  1
  25   43  0
  25   44  1
  25   45  0
  25   46  1
  25   47  1
  25   48  1
  25   49  0
  25   50  1
  25   51  1
  25   52  0
  25   53  1
  25   54  0
  25   55  1
  25   56  1
  25   57  1
  25   58  0
  25   59  0
  25   60  0
  25   61  0
  25   62  1
  25   63  1
  25   64  0

  26    1  1
  26    2  1
  26    3  1
  26    4  0
  26    5  1
  26    6  0
  26    7  1
  26    8  0
  26    9  1
  26   10  1
  26   11  1
  26   12  0
  26   13  0
  26   14  0
  26   15  1
  26   16  1
  26   17  1
  26   18  1
  26   19  1
  26   20  0
  26   21  1
  26   22  0
  26   23  1
  26   24  1
  26   25  0
  26   26  0
  26   27  0
  26   28  1
  26   29  0
  26   30  1
  26   31  1
  26   32  0
  26   33  1
  26   34  1
  26   35  1
  26   36  0
  26   37  1
  26   38  0
  26   39  1
  26   40  0
  26   41  1
  26   42  0
  26   43  1
  26   44  0
  26   45  1
  26   46  0
  26   47  1
  26   48  0
  26   49  1
  26   50  0
  26   51  0
  26   52  1
  26   53  0
  26   54  1
  26   55  0
  26   56  1
  26   57  0
  26   58  0
  26   59  1
  26   60  0
  26   61  0
  26   62  1
  26   63  0
  26   64  1

  27    1  1
  27    2  1
  27    3  0
  27    4  1
  27    5  0
  27    6  0
  27    7  1
  27    8  0
  27    9  0
  27   10  1
  27   11  0
  27   12  1
  27   13  1
  27   14  0
  27   15  0
  27   16  1
  27   17  1
  27   18  1
  27   19  0
  27   20  1
  27   21  0
  27   22  0
  27   23  0
  27   24  0
  27   25  1
  27   26  1
  27   27  0
  27   28  1
  27   29  1
  27   30  0
  27   31  0
  27   32  1
  27   33  0
  27   34  0
  27   35  0
  27   36  1
  27   37  0
  27   38  0
  27   39  0
  27   40  1
  27   41  0
  27   42  1
  27   43  0
  27   44  0
  27   45  0
  27   46  1
  27   47  0
  27   48  1
  27   49  0
  27   50  1
  27   51  0
  27   52  1
  27   53  0
  27   54  1
  27   55  0
  27   56  1
  27   57  1
  27   58  0
  27   59  0
  27   60  0
  27   61  1
  27   62  0
  27   63  1
  27   64  0

  28    1  0
  28    2  0
  28    3  1
  28    4  0
  28    5  0
  28    6  1
  28    7  0
  28    8  1
  28    9  0
  28   10  1
  28   11  0
  28   12  0
  28   13  0
  28   14  1
  28   15  0
  28   16  1
  28   17  0
  28   18  0
  28   19  1
  28   20  1
  28   21  0
  28   22  1
  28   23  0
  28   24  1
  28   25  1
  28   26  0
  28   27  1
  28   28  1
  28   29  0
  28   30  1
  28   31  0
  28   32  0
  28   33  0
  28   34  0
  28   35  1
  28   36  0
  28   37  0
  28   38  1
  28   39  1
  28   40  0
  28   41  1
  28   42  0
  28   43  1
  28   44  0
  28   45  1
  28   46  0
  28   47  1
  28   48  0
  28   49  1
  28   50  0
  28   51  1
  28   52  0
  28   53  0
  28   54  0
  28   55  1
  28   56  1
  28   57  1
  28   58  0
  28   59  1
  28   60  0
  28   61  0
  28   62  1
  28   63  0
  28   64  1

  29    1  1
  29    2  1
  29    3  1
  29    4  0
  29    5  1
  29    6  0
  29    7  1
  29    8  0
  29    9  1
  29   10  0
  29   11  0
  29   12  1
  29   13  1
  29   14  0
  29   15  0
  29   16  0
  29   17  0
  29   18  1
  29   19  0
  29   20  0
  29   21  1
  29   22  0
  29   23  1
  29   24  1
  29   25  0
  29   26  1
  29   27  0
  29   28  0
  29   29  1
  29   30  0
  29   31  0
  29   32  1
  29   33  0
  29   34  0
  29   35  1
  29   36  1
  29   37  1
  29   38  0
  29   39  1
  29   40  0
  29   41  1
  29   42  0
  29   43  1
  29   44  1
  29   45  0
  29   46  1
  29   47  0
  29   48  0
  29   49  0
  29   50  0
  29   51  1
  29   52  0
  29   53  1
  29   54  0
  29   55  0
  29   56  0
  29   57  0
  29   58  1
  29   59  0
  29   60  0
  29   61  0
  29   62  0
  29   63  1
  29   64  0

  30    1  0
  30    2  0
  30    3  0
  30    4  1
  30    5  1
  30    6  1
  30    7  0
  30    8  0
  30    9  0
  30   10  1
  30   11  0
  30   12  0
  30   13  0
  30   14  1
  30   15  0
  30   16  1
  30   17  0
  30   18  0
  30   19  1
  30   20  1
  30   21  0
  30   22  1
  30   23  0
  30   24  1
  30   25  1
  30   26  0
  30   27  1
  30   28  0
  30   29  0
  30   30  1
  30   31  0
  30   32  0
  30   33  0
  30   34  1
  30   35  0
  30   36  1
  30   37  0
  30   38  1
  30   39  0
  30   40  1
  30   41  0
  30   42  1
  30   43  1
  30   44  0
  30   45  0
  30   46  1
  30   47  0
  30   48  0
  30   49  0
  30   50  0
  30   51  1
  30   52  1
  30   53  0
  30   54  0
  30   55  0
  30   56  0
  30   57  1
  30   58  0
  30   59  1
  30   60  0
  30   61  1
  30   62  1
  30   63  0
  30   64  0

  31    1  0
  31    2  1
  31    3  0
  31    4  0
  31    5  1
  31    6  0
  31    7  1
  31    8  1
  31    9  1
  31   10  1
  31   11  0
  31   12  0
  31   13  1
  31   14  0
  31   15  1
  31   16  1
  31   17  1
  31   18  0
  31   19  1
  31   20  0
  31   21  0
  31   22  1
  31   23  1
  31   24  0
  31   25  1
  31   26  0
  31   27  1
  31   28  1
  31   29  0
  31   30  0
  31   31  0
  31   32  0
  31   33  1
  31   34  1
  31   35  0
  31   36  0
  31   37  0
  31   38  0
  31   39  0
  31   40  1
  31   41  1
  31   42  0
  31   43  1
  31   44  1
  31   45  0
  31   46  1
  31   47  0
  31   48  1
  31   49  1
  31   50  1
  31   51  0
  31   52  0
  31   53  1
  31   54  1
  31   55  1
  31   56  0
  31   57  0
  31   58  1
  31   59  0
  31   60  1
  31   61  0
  31   62  1
  31   63  1
  31   64  1

  32    1  1
  32    2  0
  32    3  1
  32    4  0
  32    5  0
  32    6  1
  32    7  0
  32    8  0
  32    9  1
  32   10  0
  32   11  1
  32   12  0
  32   13  1
  32   14  0
  32   15  1
  32   16  1
  32   17  0
  32   18  0
  32   19  0
  32   20  1
  32   21  1
  32   22  0
  32   23  0
  32   24  1
  32   25  0
  32   26  1
  32   27  1
  32   28  0
  32   29  0
  32   30  1
  32   31  1
  32   32  1
  32   33  0
  32   34  0
  32   35  1
  32   36  1
  32   37  0
  32   38  1
  32   39  1
  32   40  0
  32   41  1
  32   42  1
  32   43  0
  32   44  0
  32   45  1
  32   46  0
  32   47  1
  32   48  0
  32   49  1
  32   50  0
  32   51  1
  32   52  0
  32   53  0
  32   54  0
  32   55  0
  32   56  0
  32   57  1
  32   58  1
  32   59  1
  32   60  0
  32   61  0
  32   62  1
  32   63  0
  32   64  1

  33    1  0
  33    2  1
  33    3  0
  33    4  1
  33    5  0
  33    6  1
  33    7  0
  33    8  1
  33    9  1
  33   10  0
  33   11  0
  33   12  1
  33   13  1
  33   14  1
  33   15  0
  33   16  0
  33   17  1
  33   18  1
  33   19  0
  33   20  0
  33   21  0
  33   22  0
  33   23  1
  33   24  0
  33   25  1
  33   26  0
  33   27  0
  33   28  1
  33   29  0
  33   30  0
  33   31  0
  33   32  1
  33   33  1
  33   34  0
  33   35  1
  33   36  0
  33   37  1
  33   38  1
  33   39  0
  33   40  0
  33   41  0
  33   42  1
  33   43  0
  33   44  1
  33   45  0
  33   46  1
  33   47  1
  33   48  0
  33   49  1
  33   50  1
  33   51  1
  33   52  1
  33   53  1
  33   54  0
  33   55  1
  33   56  1
  33   57  0
  33   58  0
  33   59  1
  33   60  1
  33   61  1
  33   62  1
  33   63  1
  33   64  1

  34    1  1
  34    2  0
  34    3  1
  34    4  1
  34    5  1
  34    6  0
  34    7  1
  34    8  0
  34    9  1
  34   10  1
  34   11  1
  34   12  0
  34   13  1
  34   14  0
  34   15  1
  34   16  1
  34   17  0
  34   18  0
  34   19  1
  34   20  1
  34   21  1
  34   22  1
  34   23  0
  34   24  1
  34   25  0
  34   26  0
  34   27  1
  34   28  0
  34   29  1
  34   30  1
  34   31  1
  34   32  0
  34   33  1
  34   34  0
  34   35  1
  34   36  0
  34   37  1
  34   38  0
  34   39  1
  34   40  1
  34   41  1
  34   42  0
  34   43  1
  34   44  0
  34   45  1
  34   46  0
  34   47  1
  34   48  1
  34   49  1
  34   50  0
  34   51  0
  34   52  0
  34   53  1
  34   54  0
  34   55  0
  34   56  0
  34   57  1
  34   58  1
  34   59  1
  34   60  0
  34   61  1
  34   62  0
  34   63  1
  34   64  0

  35    1  1
  35    2  1
  35    3  0
  35    4  0
  35    5  0
  35    6  1
  35    7  0
  35    8  1
  35    9  0
  35   10  1
  35   11  0
  35   12  1
  35   13  0
  35   14  1
  35   15  1
  35   16  0
  35   17  0
  35   18  0
  35   19  1
  35   20  1
  35   21  1
  35   22  0
  35   23  0
  35   24  1
  35   25  1
  35   26  0
  35   27  1
  35   28  1
  35   29  1
  35   30  0
  35   31  0
  35   32  1
  35   33  0
  35   34  1
  35   35  0
  35   36  0
  35   37  1
  35   38  0
  35   39  1
  35   40  1
  35   41  0
  35   42  1
  35   43  0
  35   44  0
  35   45  0
  35   46  1
  35   47  0
  35   48  0
  35   49  0
  35   50  1
  35   51  0
  35   52  1
  35   53  0
  35   54  1
  35   55  1
  35   56  0
  35   57  1
  35   58  0
  35   59  0
  35   60  1
  35   61  0
  35   62  0
  35   63  1
  35   64  1

  36    1  0
  36    2  1
  36    3  0
  36    4  1
  36    5  0
  36    6  1
  36    7  1
  36    8  0
  36    9  1
  36   10  1
  36   11  0
  36   12  0
  36   13  1
  36   14  1
  36   15  0
  36   16  1
  36   17  1
  36   18  0
  36   19  0
  36   20  1
  36   21  0
  36   22  0
  36   23  1
  36   24  1
  36   25  0
  36   26  1
  36   27  1
  36   28  0
  36   29  1
  36   30  1
  36   31  0
  36   32  0
  36   33  0
  36   34  0
  36   35  1
  36   36  1
  36   37  1
  36   38  1
  36   39  0
  36   40  0
  36   41  1
  36   42  1
  36   43  1
  36   44  0
  36   45  1
  36   46  0
  36   47  1
  36   48  0
  36   49  1
  36   50  0
  36   51  1
  36   52  0
  36   53  1
  36   54  1
  36   55  0
  36   56  1
  36   57  1
  36   58  0
  36   59  0
  36   60  0
  36   61  1
  36   62  1
  36   63  1
  36   64  0

  37    1  1
  37    2  0
  37    3  1
  37    4  0
  37    5  1
  37    6  0
  37    7  1
  37    8  0
  37    9  1
  37   10  0
  37   11  1
  37   12  1
  37   13  1
  37   14  0
  37   15  1
  37   16  0
  37   17  1
  37   18  1
  37   19  1
  37   20  0
  37   21  1
  37   22  0
  37   23  0
  37   24  0
  37   25  1
  37   26  1
  37   27  0
  37   28  1
  37   29  0
  37   30  1
  37   31  0
  37   32  0
  37   33  1
  37   34  0
  37   35  1
  37   36  0
  37   37  0
  37   38  0
  37   39  1
  37   40  0
  37   41  0
  37   42  1
  37   43  1
  37   44  1
  37   45  0
  37   46  1
  37   47  0
  37   48  1
  37   49  0
  37   50  1
  37   51  0
  37   52  1
  37   53  0
  37   54  1
  37   55  0
  37   56  0
  37   57  1
  37   58  0
  37   59  1
  37   60  1
  37   61  0
  37   62  0
  37   63  1
  37   64  0

  38    1  0
  38    2  1
  38    3  0
  38    4  1
  38    5  1
  38    6  0
  38    7  1
  38    8  1
  38    9  0
  38   10  0
  38   11  1
  38   12  0
  38   13  0
  38   14  1
  38   15  0
  38   16  0
  38   17  0
  38   18  1
  38   19  0
  38   20  1
  38   21  0
  38   22  1
  38   23  0
  38   24  1
  38   25  0
  38   26  1
  38   27  1
  38   28  0
  38   29  1
  38   30  0
  38   31  1
  38   32  0
  38   33  0
  38   34  1
  38   35  0
  38   36  1
  38   37  1
  38   38  1
  38   39  0
  38   40  0
  38   41  1
  38   42  1
  38   43  1
  38   44  0
  38   45  1
  38   46  0
  38   47  1
  38   48  1
  38   49  1
  38   50  0
  38   51  1
  38   52  0
  38   53  1
  38   54  0
  38   55  1
  38   56  0
  38   57  0
  38   58  0
  38   59  1
  38   60  1
  38   61  1
  38   62  0
  38   63  0
  38   64  0

  39    1  1
  39    2  0
  39    3  1
  39    4  0
  39    5  1
  39    6  0
  39    7  1
  39    8  0
  39    9  1
  39   10  1
  39   11  1
  39   12  0
  39   13  0
  39   14  1
  39   15  0
  39   16  1
  39   17  1
  39   18  1
  39   19  0
  39   20  0
  39   21  1
  39   22  1
  39   23  1
  39   24  0
  39   25  1
  39   26  1
  39   27  0
  39   28  1
  39   29  0
  39   30  0
  39   31  1
  39   32  0
  39   33  1
  39   34  0
  39   35  1
  39   36  0
  39   37  1
  39   38  0
  39   39  1
  39   40  0
  39   41  1
  39   42  1
  39   43  0
  39   44  1
  39   45  1
  39   46  0
  39   47  0
  39   48  1
  39   49  0
  39   50  1
  39   51  1
  39   52  1
  39   53  0
  39   54  1
  39   55  1
  39   56  1
  39   57  1
  39   58  1
  39   59  0
  39   60  0
  39   61  1
  39   62  1
  39   63  0
  39   64  1

  40    1  1
  40    2  1
  40    3  0
  40    4  1
  40    5  0
  40    6  1
  40    7  0
  40    8  1
  40    9  1
  40   10  1
  40   11  1
  40   12  0
  40   13  1
  40   14  0
  40   15  1
  40   16  0
  40   17  0
  40   18  0
  40   19  1
  40   20  0
  40   21  1
  40   22  0
  40   23  0
  40   24  0
  40   25  1
  40   26  0
  40   27  1
  40   28  0
  40   29  1
  40   30  0
  40   31  0
  40   32  1
  40   33  0
  40   34  1
  40   35  0
  40   36  1
  40   37  0
  40   38  1
  40   39  0
  40   40  1
  40   41  1
  40   42  0
  40   43  1
  40   44  0
  40   45  0
  40   46  0
  40   47  1
  40   48  0
  40   49  0
  40   50  1
  40   51  0
  40   52  1
  40   53  0
  40   54  1
  40   55  0
  40   56  1
  40   57  1
  40   58  0
  40   59  1
  40   60  0
  40   61  1
  40   62  1
  40   63  1
  40   64  0

  41    1  0
  41    2  0
  41    3  1
  41    4  0
  41    5  1
  41    6  0
  41    7  1
  41    8  1
  41    9  0
  41   10  1
  41   11  0
  41   12  1
  41   13  0
  41   14  1
  41   15  1
  41   16  1
  41   17  0
  41   18  0
  41   19  1
  41   20  0
  41   21  1
  41   22  1
  41   23  1
  41   24  1
  41   25  0
  41   26  1
  41   27  0
  41   28  0
  41   29  1
  41   30  1
  41   31  0
  41   32  1
  41   33  1
  41   34  0
  41   35  0
  41   36  1
  41   37  0
  41   38  0
  41   39  1
  41   40  0
  41   41  0
  41   42  1
  41   43  0
  41   44  1
  41   45  0
  41   46  1
  41   47  0
  41   48  1
  41   49  1
  41   50  1
  41   51  1
  41   52  0
  41   53  0
  41   54  1
  41   55  0
  41   56  0
  41   57  1
  41   58  1
  41   59  0
  41   60  0
  41   61  1
  41   62  1
  41   63  1
  41   64  1

  42    1  1
  42    2  1
  42    3  0
  42    4  1
  42    5  0
  42    6  1
  42    7  1
  42    8  0
  42    9  0
  42   10  0
  42   11  1
  42   12  0
  42   13  0
  42   14  0
  42   15  1
  42   16  0
  42   17  1
  42   18  1
  42   19  0
  42   20  1
  42   21  0
  42   22  0
  42   23  0
  42   24  0
  42   25  1
  42   26  0
  42   27  1
  42   28  0
  42   29  1
  42   30  1
  42   31  0
  42   32  1
  42   33  0
  42   34  1
  42   35  0
  42   36  1
  42   37  1
  42   38  0
  42   39  0
  42   40  1
  42   41  1
  42   42  0
  42   43  0
  42   44  0
  42   45  1
  42   46  1
  42   47  1
  42   48  1
  42   49  0
  42   50  1
  42   51  1
  42   52  1
  42   53  1
  42   54  1
  42   55  0
  42   56  1
  42   57  0
  42   58  0
  42   59  1
  42   60  0
  42   61  0
  42   62  0
  42   63  0
  42   64  1

  43    1  1
  43    2  0
  43    3  1
  43    4  0
  43    5  1
  43    6  1
  43    7  0
  43    8  0
  43    9  1
  43   10  1
  43   11  0
  43   12  0
  43   13  1
  43   14  1
  43   15  0
  43   16  0
  43   17  0
  43   18  0
  43   19  1
  43   20  0
  43   21  1
  43   22  0
  43   23  1
  43   24  1
  43   25  0
  43   26  1
  43   27  0
  43   28  0
  43   29  1
  43   30  0
  43   31  0
  43   32  0
  43   33  1
  43   34  0
  43   35  1
  43   36  0
  43   37  1
  43   38  1
  43   39  0
  43   40  1
  43   41  0
  43   42  0
  43   43  1
  43   44  0
  43   45  1
  43   46  1
  43   47  0
  43   48  0
  43   49  1
  43   50  0
  43   51  0
  43   52  1
  43   53  0
  43   54  0
  43   55  0
  43   56  1
  43   57  0
  43   58  1
  43   59  1
  43   60  1
  43   61  1
  43   62  1
  43   63  1
  43   64  0

  44    1  0
  44    2  1
  44    3  0
  44    4  0
  44    5  1
  44    6  0
  44    7  1
  44    8  0
  44    9  1
  44   10  0
  44   11  0
  44   12  1
  44   13  0
  44   14  0
  44   15  1
  44   16  0
  44   17  1
  44   18  0
  44   19  1
  44   20  0
  44   21  1
  44   22  0
  44   23  1
  44   24  0
  44   25  1
  44   26  0
  44   27  1
  44   28  1
  44   29  1
  44   30  0
  44   31  1
  44   32  1
  44   33  0
  44   34  1
  44   35  0
  44   36  0
  44   37  1
  44   38  0
  44   39  1
  44   40  0
  44   41  0
  44   42  1
  44   43  0
  44   44  1
  44   45  0
  44   46  0
  44   47  1
  44   48  1
  44   49  0
  44   50  1
  44   51  1
  44   52  0
  44   53  1
  44   54  0
  44   55  1
  44   56  0
  44   57  0
  44   58  1
  44   59  1
  44   60  0
  44   61  1
  44   62  0
  44   63  1
  44   64  1

  45    1  1
  45    2  0
  45    3  1
  45    4  1
  45    5  0
  45    6  1
  45    7  1
  45    8  1
  45    9  0
  45   10  0
  45   11  1
  45   12  1
  45   13  1
  45   14  0
  45   15  0
  45   16  0
  45   17  1
  45   18  0
  45   19  1
  45   20  1
  45   21  0
  45   22  1
  45   23  0
  45   24  1
  45   25  0
  45   26  1
  45   27  0
  45   28  1
  45   29  0
  45   30  1
  45   31  0
  45   32  0
  45   33  1
  45   34  0
  45   35  1
  45   36  0
  45   37  0
  45   38  1
  45   39  0
  45   40  1
  45   41  0
  45   42  0
  45   43  1
  45   44  0
  45   45  1
  45   46  1
  45   47  0
  45   48  1
  45   49  1
  45   50  0
  45   51  0
  45   52  1
  45   53  0
  45   54  1
  45   55  0
  45   56  1
  45   57  0
  45   58  0
  45   59  0
  45   60  1
  45   61  0
  45   62  0
  45   63  0
  45   64  0

  46    1  0
  46    2  1
  46    3  1
  46    4  0
  46    5  1
  46    6  1
  46    7  0
  46    8  0
  46    9  1
  46   10  1
  46   11  0
  46   12  1
  46   13  0
  46   14  0
  46   15  0
  46   16  1
  46   17  0
  46   18  0
  46   19  0
  46   20  0
  46   21  1
  46   22  1
  46   23  1
  46   24  0
  46   25  1
  46   26  0
  46   27  1
  46   28  0
  46   29  1
  46   30  0
  46   31  1
  46   32  1
  46   33  1
  46   34  1
  46   35  0
  46   36  1
  46   37  0
  46   38  0
  46   39  1
  46   40  0
  46   41  0
  46   42  1
  46   43  1
  46   44  1
  46   45  0
  46   46  1
  46   47  1
  46   48  0
  46   49  1
  46   50  1
  46   51  0
  46   52  1
  46   53  1
  46   54  0
  46   55  1
  46   56  1
  46   57  0
  46   58  1
  46   59  0
  46   60  0
  46   61  1
  46   62  0
  46   63  1
  46   64  1

  47    1  0
  47    2  0
  47    3  1
  47    4  1
  47    5  0
  47    6  1
  47    7  1
  47    8  0
  47    9  1
  47   10  0
  47   11  1
  47   12  0
  47   13  1
  47   14  0
  47   15  1
  47   16  0
  47   17  1
  47   18  0
  47   19  1
  47   20  1
  47   21  0
  47   22  1
  47   23  0
  47   24  1
  47   25  0
  47   26  1
  47   27  0
  47   28  1
  47   29  0
  47   30  1
  47   31  1
  47   32  0
  47   33  1
  47   34  0
  47   35  1
  47   36  1
  47   37  1
  47   38  0
  47   39  1
  47   40  1
  47   41  1
  47   42  1
  47   43  0
  47   44  1
  47   45  0
  47   46  0
  47   47  0
  47   48  1
  47   49  0
  47   50  1
  47   51  0
  47   52  0
  47   53  0
  47   54  1
  47   55  1
  47   56  0
  47   57  1
  47   58  1
  47   59  1
  47   60  0
  47   61  1
  47   62  0
  47   63  0
  47   64  1

  48    1  1
  48    2  0
  48    3  1
  48    4  0
  48    5  1
  48    6  1
  48    7  0
  48    8  1
  48    9  0
  48   10  1
  48   11  0
  48   12  0
  48   13  1
  48   14  1
  48   15  0
  48   16  1
  48   17  0
  48   18  1
  48   19  0
  48   20  0
  48   21  0
  48   22  1
  48   23  1
  48   24  1
  48   25  0
  48   26  0
  48   27  0
  48   28  0
  48   29  1
  48   30  1
  48   31  0
  48   32  1
  48   33  0
  48   34  1
  48   35  0
  48   36  1
  48   37  0
  48   38  1
  48   39  0
  48   40  0
  48   41  0
  48   42  1
  48   43  1
  48   44  0
  48   45  0
  48   46  0
  48   47  1
  48   48  0
  48   49  1
  48   50  1
  48   51  1
  48   52  1
  48   53  1
  48   54  0
  48   55  1
  48   56  1
  48   57  0
  48   58  0
  48   59  1
  48   60  1
  48   61  0
  48   62  0
  48   63  0
  48   64  1

  49    1  0
  49    2  1
  49    3  0
  49    4  1
  49    5  0
  49    6  1
  49    7  1
  49    8  0
  49    9  0
  49   10  0
  49   11  1
  49   12  1
  49   13  1
  49   14  0
  49   15  1
  49   16  0
  49   17  0
  49   18  0
  49   19  1
  49   20  1
  49   21  0
  49   22  0
  49   23  0
  49   24  1
  49   25  1
  49   26  0
  49   27  0
  49   28  1
  49   29  0
  49   30  0
  49   31  0
  49   32  1
  49   33  1
  49   34  0
  49   35  1
  49   36  0
  49   37  1
  49   38  1
  49   39  0
  49   40  1
  49   41  1
  49   42  0
  49   43  1
  49   44  1
  49   45  1
  49   46  0
  49   47  0
  49   48  0
  49   49  0
  49   50  0
  49   51  0
  49   52  0
  49   53  1
  49   54  0
  49   55  0
  49   56  0
  49   57  0
  49   58  0
  49   59  0
  49   60  0
  49   61  1
  49   62  0
  49   63  0
  49   64  0

  50    1  0
  50    2  1
  50    3  1
  50    4  0
  50    5  1
  50    6  0
  50    7  1
  50    8  1
  50    9  0
  50   10  1
  50   11  0
  50   12  1
  50   13  1
  50   14  1
  50   15  1
  50   16  1
  50   17  0
  50   18  1
  50   19  0
  50   20  0
  50   21  1
  50   22  0
  50   23  1
  50   24  0
  50   25  0
  50   26  0
  50   27  0
  50   28  0
  50   29  1
  50   30  0
  50   31  1
  50   32  1
  50   33  1
  50   34  0
  50   35  0
  50   36  1
  50   37  1
  50   38  0
  50   39  0
  50   40  1
  50   41  0
  50   42  1
  50   43  0
  50   44  1
  50   45  0
  50   46  1
  50   47  1
  50   48  1
  50   49  0
  50   50  1
  50   51  1
  50   52  0
  50   53  1
  50   54  0
  50   55  1
  50   56  1
  50   57  0
  50   58  0
  50   59  0
  50   60  1
  50   61  0
  50   62  1
  50   63  0
  50   64  0

  51    1  0
  51    2  1
  51    3  0
  51    4  1
  51    5  1
  51    6  0
  51    7  1
  51    8  0
  51    9  1
  51   10  0
  51   11  1
  51   12  1
  51   13  0
  51   14  0
  51   15  1
  51   16  0
  51   17  1
  51   18  0
  51   19  1
  51   20  1
  51   21  0
  51   22  1
  51   23  0
  51   24  1
  51   25  0
  51   26  1
  51   27  1
  51   28  1
  51   29  0
  51   30  1
  51   31  0
  51   32  0
  51   33  0
  51   34  1
  51   35  0
  51   36  1
  51   37  0
  51   38  1
  51   39  0
  51   40  1
  51   41  1
  51   42  0
  51   43  1
  51   44  0
  51   45  0
  51   46  1
  51   47  0
  51   48  0
  51   49  0
  51   50  0
  51   51  0
  51   52  1
  51   53  0
  51   54  1
  51   55  1
  51   56  1
  51   57  0
  51   58  0
  51   59  1
  51   60  0
  51   61  0
  51   62  0
  51   63  0
  51   64  0

  52    1  0
  52    2  0
  52    3  1
  52    4  0
  52    5  1
  52    6  1
  52    7  0
  52    8  1
  52    9  0
  52   10  0
  52   11  0
  52   12  1
  52   13  1
  52   14  1
  52   15  1
  52   16  0
  52   17  1
  52   18  0
  52   19  1
  52   20  0
  52   21  1
  52   22  1
  52   23  1
  52   24  0
  52   25  1
  52   26  0
  52   27  0
  52   28  1
  52   29  0
  52   30  1
  52   31  0
  52   32  0
  52   33  0
  52   34  1
  52   35  1
  52   36  0
  52   37  1
  52   38  0
  52   39  1
  52   40  0
  52   41  0
  52   42  1
  52   43  0
  52   44  1
  52   45  1
  52   46  1
  52   47  0
  52   48  0
  52   49  1
  52   50  1
  52   51  0
  52   52  1
  52   53  0
  52   54  0
  52   55  0
  52   56  1
  52   57  0
  52   58  1
  52   59  1
  52   60  0
  52   61  1
  52   62  0
  52   63  1
  52   64  1

  53    1  0
  53    2  1
  53    3  1
  53    4  0
  53    5  1
  53    6  0
  53    7  1
  53    8  0
  53    9  1
  53   10  0
  53   11  1
  53   12  0
  53   13  0
  53   14  1
  53   15  0
  53   16  1
  53   17  0
  53   18  0
  53   19  1
  53   20  0
  53   21  1
  53   22  1
  53   23  0
  53   24  1
  53   25  0
  53   26  1
  53   27  0
  53   28  0
  53   29  1
  53   30  1
  53   31  0
  53   32  1
  53   33  1
  53   34  0
  53   35  1
  53   36  0
  53   37  0
  53   38  0
  53   39  1
  53   40  0
  53   41  0
  53   42  1
  53   43  1
  53   44  0
  53   45  0
  53   46  1
  53   47  1
  53   48  0
  53   49  0
  53   50  0
  53   51  1
  53   52  1
  53   53  0
  53   54  1
  53   55  1
  53   56  0
  53   57  1
  53   58  1
  53   59  0
  53   60  1
  53   61  0
  53   62  0
  53   63  0
  53   64  1

  54    1  1
  54    2  0
  54    3  0
  54    4  1
  54    5  0
  54    6  1
  54    7  0
  54    8  1
  54    9  0
  54   10  1
  54   11  0
  54   12  1
  54   13  0
  54   14  0
  54   15  1
  54   16  1
  54   17  0
  54   18  1
  54   19  1
  54   20  1
  54   21  1
  54   22  0
  54   23  1
  54   24  0
  54   25  0
  54   26  0
  54   27  1
  54   28  0
  54   29  1
  54   30  0
  54   31  0
  54   32  0
  54   33  0
  54   34  1
  54   35  0
  54   36  1
  54   37  0
  54   38  1
  54   39  0
  54   40  1
  54   41  0
  54   42  1
  54   43  1
  54   44  0
  54   45  1
  54   46  0
  54   47  1
  54   48  1
  54   49  1
  54   50  0
  54   51  0
  54   52  0
  54   53  1
  54   54  1
  54   55  1
  54   56  1
  54   57  0
  54   58  1
  54   59  1
  54   60  0
  54   61  0
  54   62  1
  54   63  0
  54   64  0

  55    1  0
  55    2  1
  55    3  1
  55    4  1
  55    5  0
  55    6  0
  55    7  0
  55    8  1
  55    9  1
  55   10  1
  55   11  1
  55   12  0
  55   13  1
  55   14  1
  55   15  0
  55   16  0
  55   17  1
  55   18  0
  55   19  0
  55   20  0
  55   21  0
  55   22  1
  55   23  0
  55   24  1
  55   25  0
  55   26  1
  55   27  0
  55   28  0
  55   29  0
  55   30  1
  55   31  0
  55   32  0
  55   33  1
  55   34  0
  55   35  1
  55   36  0
  55   37  1
  55   38  0
  55   39  1
  55   40  1
  55   41  0
  55   42  0
  55   43  1
  55   44  1
  55   45  0
  55   46  1
  55   47  0
  55   48  1
  55   49  0
  55   50  1
  55   51  1
  55   52  1
  55   53  0
  55   54  1
  55   55  0
  55   56  0
  55   57  1
  55   58  1
  55   59  0
  55   60  0
  55   61  0
  55   62  0
  55   63  0
  55   64  1

  56    1  1
  56    2  0
  56    3  0
  56    4  0
  56    5  1
  56    6  1
  56    7  0
  56    8  1
  56    9  0
  56   10  1
  56   11  0
  56   12  0
  56   13  0
  56   14  0
  56   15  0
  56   16  1
  56   17  0
  56   18  0
  56   19  1
  56   20  0
  56   21  0
  56   22  0
  56   23  0
  56   24  0
  56   25  1
  56   26  0
  56   27  1
  56   28  1
  56   29  0
  56   30  0
  56   31  0
  56   32  1
  56   33  0
  56   34  1
  56   35  0
  56   36  1
  56   37  1
  56   38  1
  56   39  0
  56   40  1
  56   41  1
  56   42  0
  56   43  0
  56   44  0
  56   45  0
  56   46  0
  56   47  1
  56   48  1
  56   49  1
  56   50  0
  56   51  0
  56   52  0
  56   53  0
  56   54  1
  56   55  1
  56   56  0
  56   57  1
  56   58  0
  56   59  1
  56   60  1
  56   61  1
  56   62  1
  56   63  1
  56   64  0

  57    1  0
  57    2  1
  57    3  1
  57    4  1
  57    5  0
  57    6  0
  57    7  1
  57    8  0
  57    9  1
  57   10  0
  57   11  1
  57   12  0
  57   13  1
  57   14  0
  57   15  0
  57   16  1
  57   17  1
  57   18  1
  57   19  0
  57   20  1
  57   21  0
  57   22  1
  57   23  1
  57   24  1
  57   25  1
  57   26  1
  57   27  1
  57   28  0
  57   29  1
  57   30  1
  57   31  0
  57   32  0
  57   33  0
  57   34  0
  57   35  1
  57   36  0
  57   37  1
  57   38  0
  57   39  1
  57   40  1
  57   41  1
  57   42  0
  57   43  0
  57   44  1
  57   45  1
  57   46  0
  57   47  1
  57   48  1
  57   49  0
  57   50  1
  57   51  0
  57   52  1
  57   53  1
  57   54  0
  57   55  1
  57   56  0
  57   57  1
  57   58  0
  57   59  0
  57   60  1
  57   61  1
  57   62  1
  57   63  0
  57   64  1

  58    1  1
  58    2  0
  58    3  0
  58    4  0
  58    5  0
  58    6  0
  58    7  0
  58    8  1
  58    9  0
  58   10  0
  58   11  0
  58   12  1
  58   13  0
  58   14  1
  58   15  1
  58   16  1
  58   17  0
  58   18  1
  58   19  0
  58   20  0
  58   21  1
  58   22  1
  58   23  1
  58   24  1
  58   25  0
  58   26  0
  58   27  0
  58   28  1
  58   29  1
  58   30  0
  58   31  1
  58   32  0
  58   33  1
  58   34  1
  58   35  0
  58   36  1
  58   37  0
  58   38  0
  58   39  0
  58   40  1
  58   41  0
  58   42  0
  58   43  1
  58   44  0
  58   45  1
  58   46  1
  58   47  0
  58   48  0
  58   49  0
  58   50  0
  58   51  1
  58   52  0
  58   53  0
  58   54  0
  58   55  0
  58   56  0
  58   57  0
  58   58  0
  58   59  1
  58   60  0
  58   61  1
  58   62  0
  58   63  0
  58   64  1

  59    1  0
  59    2  1
  59    3  0
  59    4  0
  59    5  1
  59    6  0
  59    7  1
  59    8  0
  59    9  1
  59   10  0
  59   11  1
  59   12  0
  59   13  1
  59   14  0
  59   15  1
  59   16  1
  59   17  1
  59   18  0
  59   19  1
  59   20  1
  59   21  0
  59   22  1
  59   23  0
  59   24  0
  59   25  1
  59   26  0
  59   27  0
  59   28  1
  59   29  0
  59   30  1
  59   31  0
  59   32  1
  59   33  1
  59   34  0
  59   35  1
  59   36  1
  59   37  0
  59   38  0
  59   39  1
  59   40  0
  59   41  1
  59   42  1
  59   43  0
  59   44  1
  59   45  0
  59   46  0
  59   47  1
  59   48  1
  59   49  0
  59   50  1
  59   51  1
  59   52  0
  59   53  1
  59   54  0
  59   55  1
  59   56  0
  59   57  1
  59   58  1
  59   59  0
  59   60  1
  59   61  0
  59   62  1
  59   63  1
  59   64  0

  60    1  0
  60    2  1
  60    3  1
  60    4  0
  60    5  0
  60    6  1
  60    7  0
  60    8  1
  60    9  0
  60   10  1
  60   11  0
  60   12  1
  60   13  0
  60   14  1
  60   15  0
  60   16  1
  60   17  1
  60   18  0
  60   19  1
  60   20  0
  60   21  1
  60   22  0
  60   23  1
  60   24  1
  60   25  0
  60   26  1
  60   27  0
  60   28  1
  60   29  0
  60   30  1
  60   31  0
  60   32  0
  60   33  0
  60   34  1
  60   35  0
  60   36  1
  60   37  0
  60   38  1
  60   39  0
  60   40  0
  60   41  1
  60   42  0
  60   43  1
  60   44  0
  60   45  1
  60   46  1
  60   47  0
  60   48  0
  60   49  1
  60   50  0
  60   51  0
  60   52  1
  60   53  0
  60   54  1
  60   55  0
  60   56  1
  60   57  0
  60   58  0
  60   59  0
  60   60  1
  60   61  0
  60   62  1
  60   63  1
  60   64  1

  61    1  1
  61    2  0
  61    3  1
  61    4  1
  61    5  0
  61    6  1
  61    7  0
  61    8  0
  61    9  1
  61   10  0
  61   11  0
  61   12  1
  61   13  0
  61   14  1
  61   15  1
  61   16  0
  61   17  1
  61   18  0
  61   19  0
  61   20  1
  61   21  0
  61   22  1
  61   23  1
  61   24  0
  61   25  0
  61   26  0
  61   27  0
  61   28  1
  61   29  0
  61   30  0
  61   31  1
  61   32  1
  61   33  0
  61   34  1
  61   35  1
  61   36  0
  61   37  1
  61   38  0
  61   39  1
  61   40  1
  61   41  1
  61   42  0
  61   43  0
  61   44  1
  61   45  0
  61   46  0
  61   47  1
  61   48  0
  61   49  0
  61   50  0
  61   51  1
  61   52  0
  61   53  1
  61   54  0
  61   55  1
  61   56  0
  61   57  1
  61   58  0
  61   59  1
  61   60  0
  61   61  0
  61   62  1
  61   63  1
  61   64  0

  62    1  0
  62    2  1
  62    3  1
  62    4  0
  62    5  1
  62    6  0
  62    7  1
  62    8  1
  62    9  0
  62   10  1
  62   11  0
  62   12  0
  62   13  1
  62   14  1
  62   15  0
  62   16  1
  62   17  0
  62   18  1
  62   19  1
  62   20  1
  62   21  1
  62   22  0
  62   23  0
  62   24  1
  62   25  0
  62   26  1
  62   27  0
  62   28  1
  62   29  0
  62   30  1
  62   31  0
  62   32  1
  62   33  0
  62   34  0
  62   35  0
  62   36  0
  62   37  0
  62   38  1
  62   39  0
  62   40  0
  62   41  0
  62   42  1
  62   43  0
  62   44  1
  62   45  0
  62   46  0
  62   47  0
  62   48  1
  62   49  1
  62   50  0
  62   51  1
  62   52  1
  62   53  0
  62   54  1
  62   55  1
  62   56  1
  62   57  0
  62   58  1
  62   59  0
  62   60  1
  62   61  1
  62   62  0
  62   63  0
  62   64  1

  63    1  1
  63    2  1
  63    3  0
  63    4  1
  63    5  1
  63    6  1
  63    7  0
  63    8  1
  63    9  0
  63   10  1
  63   11  0
  63   12  1
  63   13  0
  63   14  0
  63   15  1
  63   16  0
  63   17  1
  63   18  1
  63   19  0
  63   20  1
  63   21  0
  63   22  0
  63   23  1
  63   24  1
  63   25  1
  63   26  1
  63   27  0
  63   28  0
  63   29  1
  63   30  0
  63   31  1
  63   32  0
  63   33  1
  63   34  1
  63   35  0
  63   36  1
  63   37  1
  63   38  1
  63   39  1
  63   40  0
  63   41  1
  63   42  1
  63   43  1
  63   44  1
  63   45  0
  63   46  1
  63   47  1
  63   48  1
  63   49  0
  63   50  1
  63   51  1
  63   52  0
  63   53  1
  63   54  0
  63   55  1
  63   56  0
  63   57  0
  63   58  0
  63   59  1
  63   60  0
  63   61  0
  63   62  1
  63   63  1
  63   64  0

  64    1  1
  64    2  0
  64    3  1
  64    4  1
  64    5  0
  64    6  0
  64    7  1
  64    8  0
  64    9  0
  64   10  0
  64   11  1
  64   12  0
  64   13  0
  64   14  1
  64   15  0
  64   16  1
  64   17  0
  64   18  0
  64   19  0
  64   20  1
  64   21  0
  64   22  1
  64   23  0
  64   24  1
  64   25  1
  64   26  1
  64   27  0
  64   28  1
  64   29  1
  64   30  1
  64   31  0
  64   32  0
  64   33  1
  64   34  0
  64   35  1
  64   36  0
  64   37  0
  64   38  1
  64   39  0
  64   40  1
  64   41  0
  64   42  0
  64   43  1
  64   44  0
  64   45  1
  64   46  0
  64   47  1
  64   48  0
  64   49  1
  64   50  0
  64   51  1
  64   52  0
  64   53  0
  64   54  1
  64   55  0
  64   56  0
  64   57  0
  64   58  1
  64   59  0
  64   60  0
  64   61  1
  64   62  0
  64   63  0
  64   64  1
